#    0.000   0.000   0.000 ;Mean Elev.(m), Avg Gradient(m/km), RMS Gradient(m/km) - SRTM1     
#    0.000   0.000   0.000 ;Mean Elev.(m), Avg Gradient(m/km), RMS Gradient(m/km) - ASTER GDEM
#   45.482   0.039   3.407 ;Mean Elev.(m), Avg Gradient(m/km), RMS Gradient(m/km) - GMTED2010 
   1 303.188997 -29.480047    44.100    44.018  5 54665.99188559 32.230
   2 303.187821 -29.481491    48.110    46.966  6 54675.90752984 37.032
   3 303.186437 -29.481340    45.857    45.953  5 54685.82317255 41.151
   4 303.187718 -29.481380    53.520    53.724  6 54695.73881424 33.056
   5 303.190323 -29.479222    50.136    48.144  5 54705.65445327 25.749
   6 303.190029 -29.479598    49.374    48.556  6 54715.57010599 31.123
   7 303.189396 -29.480500    45.605    45.571  5 54725.48575641 44.624
   8 303.186328 -29.481346    51.616    50.291  5 54735.40140457 49.187
   9 303.183845 -29.484639    43.736    43.751  5 54745.31705213 51.115
  10 303.182716 -29.486572    49.193    49.355  5 54755.23269889 34.522
  11 303.183628 -29.485734    52.952    53.424  5 54765.14834399 33.957
  12 303.185113 -29.482093    52.131    52.074  5 54775.06398572 50.358
  13 303.186965 -29.480836    48.390    48.498  5 54784.97962551 49.894
  14 303.187912 -29.481098    50.694    50.558  6 54794.89526413 51.422
  17 303.189108 -29.480555    44.464    43.740  5 54824.64218627 31.470
  18 303.187065 -29.481900    46.166    46.364  5 54834.55782689 30.789
  19 303.184671 -29.484588    45.287    45.781  5 54844.47347776 32.431
  20 303.181927 -29.485697    45.786    46.404  5 54854.38912723 34.495
  21 303.179954 -29.486567    45.246    45.041  5 54864.30477628 37.723
  22 303.179490 -29.487057    47.548    46.556  5 54874.22042485 33.852
  23 303.180565 -29.486477    47.943    47.761  5 54884.13607069 29.754
  24 303.182130 -29.485602    47.207    46.353  5 54894.05171297 31.337
  25 303.183071 -29.485487    43.030    43.087  5 54903.96735272 34.356
  26 303.183095 -29.485273    43.135    42.687  5 54913.88299131 32.455
  27 303.182805 -29.484936    42.933    42.971  5 54923.79862944 33.169
  28 303.184175 -29.484378    42.423    42.537  6 54933.71426705 50.444
  29 303.187671 -29.482812    42.351    42.237  5 54943.62990277 48.753
  30 303.190902 -29.478353    42.482    42.510  6 54953.54553580 38.786
  31 303.191449 -29.479195    42.007    41.989  6 54963.46118071 28.862
  32 303.189240 -29.480440    43.039    43.030  6 54973.37682911 49.605
  33 303.187026 -29.481035    42.708    42.535  5 54983.29247629 35.556
  34 303.186774 -29.482888    43.375    43.419  5 54993.20812350 35.372
  35 303.185487 -29.481943    44.040    42.770  5 55003.12376900 27.158
  36 303.185005 -29.482696    49.508    49.464  5 55013.03941289 49.364
  37 303.184949 -29.483649    46.540    46.071  6 55022.95505553 24.967
  38 303.184259 -29.483614    45.937    45.866  5 55032.87069736 35.226
  39 303.185282 -29.484659    44.974    45.029  5 55042.78633908 29.400
  40 303.187452 -29.483007    46.296    46.224  5 55052.70197904 32.007
  41 303.189657 -29.480031    46.914    46.685  6 55062.61761662 51.040
  42 303.189933 -29.480201    45.992    46.181  6 55072.53326102 29.373
  43 303.187421 -29.480406    46.294    46.289  5 55082.44890939 28.109
  44 303.185235 -29.482168    53.501    54.304  5 55092.36455637 26.302
  45 303.183750 -29.483505    47.617    47.045  5 55102.28020279 33.062
  46 303.184063 -29.485528    48.506    48.219  5 55112.19584905 31.630
  47 303.184406 -29.483153    48.190    47.512  5 55122.11149213 32.147
  48 303.186374 -29.482399    46.342    46.337  6 55132.02713281 37.965
  49 303.187298 -29.481536    44.603    44.525  6 55141.94277150 46.818
  50 303.186927 -29.480883    49.110    49.126  5 55151.85840981 50.470
  51 303.187665 -29.481405    51.472    51.418  5 55161.77404900 44.674
  52 303.189048 -29.480944    51.794    51.773  5 55171.68968783 52.259
  53 303.190523 -29.478981    48.860    48.906  5 55181.60532488 44.707
  54 303.187977 -29.480215    45.753    45.567  5 55191.52097531 32.629
  55 303.185125 -29.483845    49.075    48.707  5 55201.43662658 33.744
  56 303.182694 -29.485763    48.106    48.070  5 55211.35227668 44.113
  57 303.181819 -29.485981    49.671    49.492  5 55221.26792587 51.761
  58 303.181911 -29.485161    47.136    45.995  5 55231.18357362 27.404
  59 303.184003 -29.485979    44.337    44.538  5 55241.09921857 32.870
  60 303.183645 -29.484391    46.572    46.532  5 55251.01485917 42.844
  61 303.183769 -29.486080    44.420    44.516  5 55260.93049836 38.778
  62 303.182713 -29.484084    43.666    43.827  5 55270.84613603 37.445
  63 303.184313 -29.484108    45.440    43.984  5 55280.76177447 29.971
  64 303.186782 -29.482505    44.732    44.627  5 55290.67741153 27.445
  65 303.189903 -29.480115    44.518    44.267  6 55300.59304620 27.995
  66 303.189499 -29.480460    44.735    44.516  5 55310.50869275 28.569
  67 303.188218 -29.481878    50.466    49.871  5 55320.42433865 23.640
  68 303.186493 -29.483042    46.698    46.608  5 55330.33998304 50.509
  69 303.184957 -29.482669    51.794    51.213  5 55340.25562674 30.767
  70 303.185605 -29.482852    45.745    45.752  5 55350.17127039 45.606
  71 303.186663 -29.482458    48.320    44.988  5 55360.08691180 52.245
  72 303.187218 -29.483008    48.590    45.812  5 55370.00255113 53.081
  73 303.186628 -29.481906    44.876    44.955  5 55379.91818869 52.998
  74 303.186866 -29.481135    52.323    53.227  5 55389.83382588 29.184
  75 303.188968 -29.479583    53.257    54.020  5 55399.74946228 30.763
  76 303.190782 -29.480006    51.001    49.330  5 55409.66510967 30.066
  77 303.189956 -29.479391    45.954    45.884  5 55419.58076003 39.920
  78 303.188601 -29.480920    44.257    44.267  6 55429.49640755 51.865
  79 303.186219 -29.482832    44.221    43.997  6 55439.41205231 47.409
  80 303.184690 -29.484242    45.688    45.708  5 55449.32769544 47.354
  81 303.185023 -29.484038    46.815    46.793  5 55459.24333788 53.348
  82 303.186323 -29.481805    48.783    48.715  5 55469.15897910 28.398
  83 303.189167 -29.480784    44.402    44.397  5 55479.07461747 48.996
  84 303.190767 -29.478774    45.412    45.397  6 55488.99025272 53.099
  85 303.191908 -29.478235    44.642    44.638  6 55498.90588622 30.097
  86 303.191122 -29.479330    43.881    44.026  6 55508.82152608 27.694
  87 303.187892 -29.479933    43.656    43.538  5 55518.73717648 32.151
  88 303.187091 -29.481489    44.815    44.660  5 55528.65282651 28.456
  89 303.186120 -29.481332    46.617    46.636  5 55538.56847442 26.591
  90 303.185764 -29.483239    48.939    48.918  6 55548.48412055 48.602
  91 303.183977 -29.484477    45.337    45.444  6 55558.39976448 33.357
  92 303.182538 -29.484313    44.212    43.785  5 55568.31540710 50.405
  93 303.184163 -29.484556    45.855    46.293  5 55578.23104899 31.899
  94 303.186704 -29.482155    43.656    43.709  5 55588.14668808 42.815
  95 303.190418 -29.480087    45.124    44.839  5 55598.06232417 42.242
  96 303.191928 -29.477860    46.485    46.301  6 55607.97795738 50.348
  97 303.192632 -29.477556    48.039    45.718  6 55617.89358920 29.434
  98 303.190415 -29.479945    44.855    44.880  6 55627.80923570 48.468
  99 303.188412 -29.480844    44.242    44.202  5 55637.72488751 27.177
 100 303.188450 -29.481229    44.122    43.946  5 55647.64053741 34.146
 101 303.188599 -29.480924    48.120    48.075  6 55657.55618426 52.774
 102 303.188382 -29.481403    46.294    46.370  5 55667.47182694 27.181
 103 303.187325 -29.481558    47.955    47.982  6 55677.38746644 51.544
 104 303.186898 -29.481332    44.833    44.647  5 55687.30310372 50.560
 105 303.188186 -29.480975    45.566    45.413  5 55697.21873965 48.220
 106 303.190799 -29.478703    45.946    46.050  6 55707.13437386 30.841
 107 303.189892 -29.479453    44.156    43.902  5 55717.05002425 49.520
 108 303.188170 -29.480821    44.639    44.368  5 55726.96567230 32.082
 109 303.186299 -29.482363    46.432    46.461  5 55736.88131887 33.283
 110 303.184958 -29.483436    47.644    47.719  5 55746.79696431 53.337
 111 303.185119 -29.483108    45.777    45.665  5 55756.71260784 34.547
 112 303.187715 -29.482319    49.182    49.190  5 55766.62824900 32.168
 113 303.189936 -29.479804    53.925    54.153  6 55776.54388696 28.810
 114 303.191685 -29.479031    48.321    48.275  5 55786.45952235 40.936
 115 303.191997 -29.478223    48.874    46.692  6 55796.37515562 30.751
 116 303.191046 -29.478506    46.693    46.658  6 55806.29079629 30.888
 117 303.190027 -29.479427    47.349    47.276  5 55816.20644504 51.590
 118 303.190759 -29.478351    45.631    45.531  5 55826.12209049 52.516
 119 303.192013 -29.477234    45.432    45.576  6 55836.03773156 50.693
 120 303.192470 -29.476298    45.616    45.469  6 55845.95336935 50.808
 121 303.193097 -29.477212    45.901    45.868  5 55855.86900519 37.155
 122 303.191746 -29.478422    45.573    45.514  5 55865.78464724 32.759
 123 303.188725 -29.480562    45.635    45.794  5 55875.70030064 25.641
 133 303.188312 -29.481756    43.941    42.780  5 55974.85673672 29.480
 134 303.188992 -29.481332    43.225    43.188  5 55984.77237339 39.656
 135 303.191023 -29.477969    43.240    43.241  6 55994.68800726 29.572
 136 303.190473 -29.479759    43.683    42.888  6 56004.60366013 27.361
 137 303.189522 -29.480709    42.749    42.717  5 56014.51930921 41.819
 139 303.186166 -29.484090    42.722    42.669  5 56034.35059844 50.827
 141 303.186282 -29.481681    42.985    42.760  5 56054.18187664 48.348
 142 303.189324 -29.480394    42.510    42.306  5 56064.09751088 31.766
 143 303.190173 -29.480665    45.865    42.347  5 56074.01315352 50.327
 144 303.187942 -29.482370    42.346    42.294  5 56083.92880288 47.115
 145 303.185981 -29.482189    45.982    46.225  5 56093.84444970 30.896
 146 303.185536 -29.481802    43.625    43.608  5 56103.76009465 33.297
 147 303.186964 -29.482123    50.256    49.529  6 56113.67572562 31.581
 148 303.189180 -29.481460    44.561    44.914  5 56123.59136427 26.574
 149 303.191027 -29.478394    43.183    43.181  5 56133.50699854 33.234
 150 303.191685 -29.478018    46.063    46.090  5 56143.42263714 31.281
 151 303.188988 -29.479445    44.043    44.041  5 56153.33828740 24.122
 152 303.187811 -29.481610    44.565    44.411  5 56163.25393638 29.900
 153 303.187868 -29.482149    43.297    43.377  5 56173.16958302 47.996
 154 303.188840 -29.480544    42.661    42.704  5 56183.08522432 28.615
 155 303.190315 -29.480203    44.391    44.370  5 56193.00086217 50.349
 156 303.190606 -29.479394    51.033    52.155  6 56202.91649730 36.829
 157 303.191522 -29.479013    50.100    48.680  6 56212.83213115 32.229
 158 303.193462 -29.477531    55.498    55.514  6 56222.74776325 35.033
 159 303.190398 -29.478801    50.633    49.098  6 56232.66341988 31.976
 160 303.188802 -29.480402    46.266    46.315  6 56242.57907293 28.495
 161 303.187314 -29.481636    44.599    44.555  5 56252.49472155 26.940
 162 303.186969 -29.483040    43.672    43.244  5 56262.41036561 27.900
 164 303.187168 -29.481735    46.375    46.359  6 56282.24164906 47.276
 165 303.185956 -29.481514    47.943    47.482  5 56292.15730084 50.612
 166 303.186681 -29.483640    48.260    48.030  5 56302.07294879 52.569
 167 303.185817 -29.482372    45.311    45.365  5 56311.98859168 38.319
 168 303.186146 -29.483660    44.107    44.015  5 56321.90423326 50.700
 169 303.185390 -29.482161    47.201    46.294  5 56331.81987383 28.359
 170 303.187132 -29.482639    47.218    47.242  5 56341.73551472 26.611
 171 303.189278 -29.480597    45.112    45.033  5 56351.65115292 31.562
 172 303.190597 -29.479424    54.751    57.154  5 56361.56679317 31.238
 173 303.188026 -29.481143    48.079    47.894  5 56371.48244328 52.831
 174 303.185095 -29.483533    45.404    45.399  5 56381.39809054 48.577
 175 303.183677 -29.485880    48.105    47.367  5 56391.31373547 35.068
 176 303.184272 -29.485448    48.478    47.935  5 56401.22937811 52.377
 177 303.185816 -29.483160    44.340    44.290  5 56411.14501756 50.774
 178 303.188654 -29.480899    44.560    44.393  5 56421.06065220 51.663
 179 303.189471 -29.479758    44.591    44.406  5 56430.97628993 50.033
 180 303.186359 -29.483370    44.796    44.747  5 56440.89194287 51.033
 181 303.184200 -29.484951    45.313    45.187  5 56450.80759318 52.475
 182 303.183711 -29.483762    45.279    43.707  5 56460.72324103 32.333
 183 303.184944 -29.483233    48.629    48.864  5 56470.63888594 29.899
 184 303.186585 -29.482890    52.414    51.262  5 56480.55452725 33.320
 185 303.187227 -29.481526    46.066    45.814  5 56490.47016431 51.152
 187 303.191277 -29.479531    45.336    44.190  5 56510.30143172 33.490
 188 303.191850 -29.477862    47.889    47.854  6 56520.21707397 52.197
 189 303.190593 -29.478745    45.836    45.812  5 56530.13272691 28.979
 190 303.189797 -29.479419    46.555    46.572  6 56540.04837590 42.414
 191 303.188932 -29.481527    45.147    44.478  5 56549.96402088 27.902
 192 303.186513 -29.482218    46.657    45.884  6 56559.87966341 25.516
 193 303.185611 -29.483194    46.995    46.333  6 56569.79530545 27.461
 194 303.186683 -29.483040    44.378    44.300  5 56579.71094640 49.923
 195 303.189738 -29.479988    49.274    48.398  6 56589.62658319 26.545
 196 303.190573 -29.479678    52.533    53.343  5 56599.54222912 30.441
 197 303.187680 -29.480728    46.235    46.173  5 56609.45788033 51.286
 198 303.186309 -29.483940    47.635    47.652  5 56619.37352704 39.263
 199 303.184740 -29.482801    46.374    45.005  5 56629.28916953 33.736
 200 303.186926 -29.481917    48.804    45.847  6 56639.20480899 50.414
 201 303.189120 -29.480924    44.263    44.080  5 56649.12045383 46.995
 202 303.187739 -29.480239    44.126    43.928  5 56659.03610480 27.064
 203 303.186155 -29.481378    46.250    46.178  5 56668.95175227 30.799
 205 303.184804 -29.484596    47.111    47.162  5 56688.78304204 29.802
 206 303.185638 -29.482056    44.278    43.699  5 56698.69868316 30.452
 207 303.188646 -29.479661    43.235    43.249  5 56708.61431989 50.849
 208 303.190350 -29.479791    44.612    44.652  6 56718.52995933 29.176
 209 303.186426 -29.482292    44.541    44.562  5 56728.44561259 39.494
 211 303.181655 -29.486585    46.468    46.691  6 56748.27690655 46.147
 212 303.183939 -29.486111    46.861    47.315  5 56758.19254660 29.520
 213 303.187240 -29.481084    50.086    46.219  5 56768.10817969 51.214
 214 303.188238 -29.481706    48.630    44.138  5 56778.02382556 37.679
 215 303.184916 -29.483954    48.190    47.478  5 56787.93948120 34.710
 216 303.181744 -29.487329    44.409    44.347  5 56797.85513378 46.156
 217 303.179851 -29.487869    49.094    49.328  5 56807.77078052 32.880
 219 303.184281 -29.482907    48.450    48.289  5 56827.60205849 30.225
 220 303.188475 -29.481142    51.885    50.233  5 56837.51769280 27.126
 221 303.190858 -29.478331    52.659    52.686  5 56847.43332366 35.922
 222 303.188196 -29.481034    52.027    47.248  6 56857.34897543 53.115
 223 303.185329 -29.482327    48.507    48.617  5 56867.26462834 40.734
 224 303.184813 -29.484091    47.928    47.823  5 56877.18027986 32.596
 225 303.184257 -29.483531    44.628    44.597  5 56887.09592775 51.068
 226 303.184455 -29.484285    44.313    44.383  5 56897.01157324 51.588
 227 303.183430 -29.485088    46.968    46.174  5 56906.92721593 47.630
 228 303.182341 -29.486150    47.151    47.081  5 56916.84285687 48.713
 229 303.182462 -29.485282    47.984    48.589  5 56926.75849586 29.656
 230 303.185749 -29.484530    51.771    51.683  5 56936.67413185 44.070
 231 303.190260 -29.479930    48.773    48.361  5 56946.58976195 29.230
 232 303.188441 -29.479931    47.442    47.501  5 56956.50541608 32.846
 233 303.186927 -29.482044    47.059    47.037  6 56966.42106563 39.706
 234 303.185436 -29.483303    48.890    46.510  6 56976.33671056 50.890
 235 303.186032 -29.484150    48.621    48.055  5 56986.25235094 34.087
 236 303.188197 -29.479860    45.912    45.957  5 56996.16798458 42.083
 237 303.190756 -29.479557    44.189    44.137  5 57006.08362841 34.605
 238 303.189291 -29.480531    45.743    45.573  6 57015.99928296 52.889
 239 303.187154 -29.481819    49.809    49.837  5 57025.91493374 51.178
 240 303.185035 -29.483456    48.919    48.848  5 57035.83058281 33.719
 241 303.184490 -29.484256    48.187    48.116  6 57045.74622941 45.104
 242 303.185245 -29.483169    46.241    46.306  5 57055.66187262 50.684
 243 303.186877 -29.480741    45.101    45.106  5 57065.57751052 48.396
 244 303.189344 -29.480732    44.659    44.663  5 57075.49314438 42.102
 245 303.191282 -29.478965    45.557    45.569  5 57085.40877452 52.475
 246 303.187031 -29.481482    44.855    44.799  5 57095.32443038 51.897
 247 303.184446 -29.485411    44.153    44.184  5 57105.24008720 38.898
 248 303.183259 -29.485150    44.121    44.164  5 57115.15573860 50.236
 249 303.183847 -29.483726    44.110    44.002  5 57125.07138365 36.165
 250 303.185692 -29.484132    44.549    44.510  5 57134.98702380 37.006
