#    0.000   0.000   0.000 ;Mean Elev.(m), Avg Gradient(m/km), RMS Gradient(m/km) - SRTM1     
#    0.000   0.000   0.000 ;Mean Elev.(m), Avg Gradient(m/km), RMS Gradient(m/km) - ASTER GDEM
#   53.783   0.694   3.564 ;Mean Elev.(m), Avg Gradient(m/km), RMS Gradient(m/km) - GMTED2010 
   1    48.821 54666.40741427 33.49 303.800172 -28.773832 30.303 -100.00 -100.00 -100.00
   1    48.887 54666.40741486 39.48 303.801394 -28.771412   -100 -100.00 -100.00 -100.00
   1    49.622 54666.40741545 40.89 303.802615 -28.768992 19.413 -100.00 -100.00 -100.00
   1    48.926 54666.40741604 43.95 303.803836 -28.766572   -100 -100.00 -100.00 -100.00
   2    65.675 54676.32305804 29.25 303.799070 -28.775037  6.284 -100.00 -100.00 -100.00
   2    64.808 54676.32305863 29.88 303.800291 -28.772617  7.101 -100.00 -100.00 -100.00
   2    62.963 54676.32305922 30.79 303.801512 -28.770197  8.687 -100.00 -100.00 -100.00
   2    53.687 54676.32305981 33.91 303.802733 -28.767777 15.202 -100.00 -100.00 -100.00
   3   105.066 54686.23870071 17.20 303.800264 -28.775231 10.202 -100.00 -100.00 -100.00
   3   105.154 54686.23870130 27.92 303.801485 -28.772811   -100 -100.00 -100.00 -100.00
   3    66.797 54686.23870189 15.48 303.802706 -28.770391 12.048 -100.00 -100.00 -100.00
   3    66.439 54686.23870248 17.23 303.803927 -28.767971 17.129 -100.00 -100.00 -100.00
   3    66.075 54686.23870307 16.45 303.805148 -28.765550 11.598 -100.00 -100.00 -100.00
   4    64.093 54696.15434214 33.01 303.803603 -28.774598 12.392 -100.00 -100.00 -100.00
   4    62.809 54696.15434273 32.84 303.804824 -28.772178 10.174 -100.00 -100.00 -100.00
   4    54.656 54696.15434332 33.76 303.806045 -28.769758 11.736 -100.00 -100.00 -100.00
   4    54.616 54696.15434391 36.94 303.807266 -28.767338 19.269 -100.00 -100.00 -100.00
   4    54.299 54696.15434450 36.88 303.808486 -28.764918 17.794 -100.00 -100.00 -100.00
   5    66.141 54706.06998166 13.83 303.806297 -28.774291  8.240 -100.00 -100.00 -100.00
   5    65.523 54706.06998225 14.27 303.807518 -28.771871 10.667 -100.00 -100.00 -100.00
   5    63.930 54706.06998284 18.87 303.808739 -28.769451 21.619 -100.00 -100.00 -100.00
   5    55.165 54706.06998343 20.82 303.809959 -28.767031 23.199 -100.00 -100.00 -100.00
   5   101.383 54706.06998402  6.36 303.811180 -28.764611  7.188 -100.00 -100.00 -100.00
   5    53.114 54706.06998461 25.17 303.812401 -28.762191   -100 -100.00 -100.00 -100.00
   6    49.645 54715.98563351 40.67 303.802651 -28.773987 17.701 -100.00 -100.00 -100.00
   6    48.500 54715.98563410 48.14 303.803873 -28.771567 14.225 -100.00 -100.00 -100.00
   6    48.644 54715.98563469 52.12 303.805094 -28.769147 19.525 -100.00 -100.00 -100.00
   6    48.731 54715.98563528 51.77 303.806315 -28.766727   -100 -100.00 -100.00 -100.00
   6    48.745 54715.98563587 51.49 303.807536 -28.764306   -100 -100.00 -100.00 -100.00
   7    53.514 54725.90128257 27.81 303.797403 -28.775723 21.155 -100.00 -100.00 -100.00
   7    54.385 54725.90128316 25.76 303.798625 -28.773303 13.495 -100.00 -100.00 -100.00
   7    54.380 54725.90128375 26.31 303.799846 -28.770883 12.048 -100.00 -100.00 -100.00
   7    54.174 54725.90128434 27.11 303.801067 -28.768463 12.408 -100.00 -100.00 -100.00
   8    48.957 54735.81693043 36.88 303.792859 -28.776342 27.865 -100.00 -100.00 -100.00
   8    49.671 54735.81693102 40.79 303.794081 -28.773922 21.282 -100.00 -100.00 -100.00
   8    48.836 54735.81693161 52.01 303.795302 -28.771502 14.026 -100.00 -100.00 -100.00
   8    48.786 54735.81693220 50.46 303.796523 -28.769082 20.862 -100.00 -100.00 -100.00
   9    53.575 54745.73257786 30.41 303.790328 -28.777034 22.275 -100.00 -100.00 -100.00
   9    54.018 54745.73257845 29.56 303.791549 -28.774614 19.262 -100.00 -100.00 -100.00
   9    54.000 54745.73257904 32.72 303.792770 -28.772194 27.345 -100.00 -100.00 -100.00
   9    54.147 54745.73257963 33.83 303.793992 -28.769774 25.405 -100.00 -100.00 -100.00
  10    55.511 54755.64822529 34.24 303.790260 -28.776724 11.130 -100.00 -100.00 -100.00
  10    54.824 54755.64822588 34.78 303.791481 -28.774304 12.929 -100.00 -100.00 -100.00
  10    54.649 54755.64822647 35.56 303.792702 -28.771884 13.761 -100.00 -100.00 -100.00
  10    54.774 54755.64822706 35.76 303.793924 -28.769464 13.903 -100.00 -100.00 -100.00
  11    53.276 54765.56387159 49.00 303.791623 -28.775600   -100 -100.00 -100.00 -100.00
  11    53.014 54765.56387218 50.07 303.792844 -28.773180   -100 -100.00 -100.00 -100.00
  11    53.296 54765.56387277 50.46 303.794066 -28.770760   -100 -100.00 -100.00 -100.00
  12    57.170 54775.47951425 48.12 303.791300 -28.776795   -100 -100.00 -100.00 -100.00
  12    57.244 54775.47951484 49.19 303.792521 -28.774375   -100 -100.00 -100.00 -100.00
  12    56.878 54775.47951543 51.18 303.793742 -28.771955 19.075 -100.00 -100.00 -100.00
  12    56.977 54775.47951602 54.01 303.794963 -28.769535 13.049 -100.00 -100.00 -100.00
  13    52.793 54785.39515445 39.80 303.790916 -28.777030 19.029 -100.00 -100.00 -100.00
  13    52.458 54785.39515504 42.93 303.792137 -28.774610 26.242 -100.00 -100.00 -100.00
  13    52.169 54785.39515563 49.22 303.793358 -28.772191   -100 -100.00 -100.00 -100.00
  13    51.981 54785.39515622 52.82 303.794580 -28.769771  0.281 -100.00 -100.00 -100.00
  14    49.291 54795.31079366 40.98 303.792967 -28.774750   -100 -100.00 -100.00 -100.00
  14    49.546 54795.31079425 53.16 303.794188 -28.772330   -100 -100.00 -100.00 -100.00
  14    49.375 54795.31079484 56.22 303.795410 -28.769910   -100 -100.00 -100.00 -100.00
  17    49.048 54825.05771533 42.74 303.800916 -28.775362 27.572 -100.00 -100.00 -100.00
  17    49.351 54825.05771592 42.83 303.802137 -28.772942 21.453 -100.00 -100.00 -100.00
  17    48.549 54825.05771651 49.21 303.803358 -28.770522 23.700 -100.00 -100.00 -100.00
  17    48.597 54825.05771710 52.76 303.804579 -28.768102   -100 -100.00 -100.00 -100.00
  17    48.631 54825.05771769 53.19 303.805800 -28.765682   -100 -100.00 -100.00 -100.00
  18    54.840 54834.97335475 34.13 303.796947 -28.775642 24.188 -100.00 -100.00 -100.00
  18    48.278 54834.97335534 37.58 303.798169 -28.773222 24.953 -100.00 -100.00 -100.00
  18    49.353 54834.97335593 36.61 303.799390 -28.770802 13.380 -100.00 -100.00 -100.00
  18    47.677 54834.97335652 43.11 303.800611 -28.768382 20.117 -100.00 -100.00 -100.00
  19    66.574 54844.88900435 31.20 303.792630 -28.776284 10.789 -100.00 -100.00 -100.00
  19    65.262 54844.88900494 31.75 303.793851 -28.773864 12.520 -100.00 -100.00 -100.00
  19    64.881 54844.88900553 29.96 303.795072 -28.771444 12.007 -100.00 -100.00 -100.00
  19    54.404 54844.88900612 28.39 303.796294 -28.769024  9.150 -100.00 -100.00 -100.00
  20    65.287 54854.80465368 31.44 303.790493 -28.776361 16.355 -100.00 -100.00 -100.00
  20    65.600 54854.80465427 29.85 303.791714 -28.773940 11.928 -100.00 -100.00 -100.00
  20    65.475 54854.80465486 29.03 303.792935 -28.771520 11.932 -100.00 -100.00 -100.00
  21    58.908 54864.72030335 29.45 303.790761 -28.775412 13.229 -100.00 -100.00 -100.00
  21    55.529 54864.72030394 27.26 303.791982 -28.772992  9.694 -100.00 -100.00 -100.00
  21    55.562 54864.72030453 27.15 303.793203 -28.770572 10.955 -100.00 -100.00 -100.00
  22    55.426 54874.63595200 30.97 303.789866 -28.777171 20.564 -100.00 -100.00 -100.00
  22    65.400 54874.63595259 27.06 303.791087 -28.774750 10.234 -100.00 -100.00 -100.00
  22    55.154 54874.63595318 27.54 303.792308 -28.772330 13.369 -100.00 -100.00 -100.00
  22    55.160 54874.63595377 28.46 303.793529 -28.769909 15.112 -100.00 -100.00 -100.00
  23    60.771 54884.55159827 25.53 303.789716 -28.777263  7.506 -100.00 -100.00 -100.00
  23    55.003 54884.55159886 29.87 303.790937 -28.774843 19.276 -100.00 -100.00 -100.00
  23    47.811 54884.55159945 36.86 303.792158 -28.772423   -100 -100.00 -100.00 -100.00
  23    48.507 54884.55160004 34.79 303.793379 -28.770002 21.683 -100.00 -100.00 -100.00
  24    55.283 54894.46724107 27.18 303.788778 -28.775999 13.194 -100.00 -100.00 -100.00
  24    53.372 54894.46724166 30.37 303.789999 -28.773579 21.017 -100.00 -100.00 -100.00
  24    53.283 54894.46724225 34.74 303.791220 -28.771158 22.740 -100.00 -100.00 -100.00
  25    47.318 54904.38288022 35.05 303.786001 -28.777571 28.592 -100.00 -100.00 -100.00
  25    48.673 54904.38288081 39.55 303.787223 -28.775151 25.970 -100.00 -100.00 -100.00
  25    47.574 54904.38288140 48.91 303.788444 -28.772731   -100 -100.00 -100.00 -100.00
  26    47.492 54914.29851865 34.94 303.786519 -28.776572 24.691 -100.00 -100.00 -100.00
  26    48.066 54914.29851924 43.77 303.787740 -28.774152   -100 -100.00 -100.00 -100.00
  26    47.648 54914.29851983 43.11 303.788962 -28.771732   -100 -100.00 -100.00 -100.00
  27    47.414 54924.21415634 36.03 303.788587 -28.776574 28.465 -100.00 -100.00 -100.00
  27    47.906 54924.21415693 40.86 303.789808 -28.774154   -100 -100.00 -100.00 -100.00
  27    47.619 54924.21415752 35.02 303.791030 -28.771733   -100 -100.00 -100.00 -100.00
  28    47.052 54934.12979365 36.15 303.792902 -28.775710 24.722 -100.00 -100.00 -100.00
  28    48.298 54934.12979424 42.01 303.794124 -28.773290 18.897 -100.00 -100.00 -100.00
  28    47.636 54934.12979483 52.15 303.795345 -28.770869   -100 -100.00 -100.00 -100.00
  29    47.726 54944.04542925 34.18 303.798155 -28.774197 27.515 -100.00 -100.00 -100.00
  29    48.078 54944.04542984 39.80 303.799377 -28.771777 25.852 -100.00 -100.00 -100.00
  29    48.010 54944.04543043 44.90 303.800598 -28.769357 29.123 -100.00 -100.00 -100.00
  30    58.327 54953.96106205 33.72 303.801163 -28.775351 15.299 -100.00 -100.00 -100.00
  30    49.586 54953.96106264 36.32 303.802384 -28.772930 20.921 -100.00 -100.00 -100.00
  30    47.108 54953.96106323 48.47 303.803606 -28.770510 26.776 -100.00 -100.00 -100.00
  30    47.252 54953.96106382 53.82 303.804827 -28.768089   -100 -100.00 -100.00 -100.00
  30    47.153 54953.96106441 48.85 303.806048 -28.765669   -100 -100.00 -100.00 -100.00
  31    46.846 54963.87670685 36.00 303.799137 -28.774736 28.949 -100.00 -100.00 -100.00
  31    47.624 54963.87670744 39.71 303.800359 -28.772315 25.051 -100.00 -100.00 -100.00
  31    46.967 54963.87670803 51.06 303.801580 -28.769895  9.971 -100.00 -100.00 -100.00
  31    47.057 54963.87670862 51.25 303.802802 -28.767475   -100 -100.00 -100.00 -100.00
  32    47.851 54973.79235462 33.27 303.795705 -28.775953   -100 -100.00 -100.00 -100.00
  32    48.032 54973.79235521 31.93 303.796926 -28.773533 30.019 -100.00 -100.00 -100.00
  32    47.676 54973.79235580 35.13 303.798148 -28.771112   -100 -100.00 -100.00 -100.00
  32    47.858 54973.79235639 38.64 303.799369 -28.768692   -100 -100.00 -100.00 -100.00
  33    66.360 54983.70800263 23.69 303.795912 -28.774881  6.580 -100.00 -100.00 -100.00
  33    65.804 54983.70800322 22.47 303.797133 -28.772461  6.540 -100.00 -100.00 -100.00
  33    62.634 54983.70800381 22.86 303.798355 -28.770040  8.195 -100.00 -100.00 -100.00
  34    47.197 54993.62365037 33.44 303.797408 -28.774574   -100 -100.00 -100.00 -100.00
  34    48.506 54993.62365096 41.06 303.798630 -28.772153 23.141 -100.00 -100.00 -100.00
  34    48.308 54993.62365155 50.24 303.799851 -28.769733 32.540 -100.00 -100.00 -100.00
  34    47.585 54993.62365214 50.59 303.801072 -28.767313   -100 -100.00 -100.00 -100.00
  35    47.979 55003.53929665 33.76 303.797316 -28.775081   -100 -100.00 -100.00 -100.00
  35    48.544 55003.53929724 34.64 303.798538 -28.772661   -100 -100.00 -100.00 -100.00
  35    48.401 55003.53929783 36.05 303.799759 -28.770241 19.399 -100.00 -100.00 -100.00
  35    48.434 55003.53929842 42.72 303.800980 -28.767821   -100 -100.00 -100.00 -100.00
  36    48.473 55013.45494049 38.63 303.795533 -28.775862 23.526 -100.00 -100.00 -100.00
  36    49.371 55013.45494108 41.79 303.796754 -28.773442 22.406 -100.00 -100.00 -100.00
  36    48.611 55013.45494167 54.22 303.797975 -28.771022 26.736 -100.00 -100.00 -100.00
  36    48.863 55013.45494226 52.27 303.799196 -28.768601   -100 -100.00 -100.00 -100.00
  37    66.759 55023.37058309 28.05 303.794354 -28.775364  8.529 -100.00 -100.00 -100.00
  37    63.580 55023.37058368 26.92 303.795575 -28.772944  7.608 -100.00 -100.00 -100.00
  37    62.999 55023.37058427 26.32 303.796796 -28.770524  7.869 -100.00 -100.00 -100.00
  38    52.343 55033.28622490 36.73 303.794581 -28.775023 30.575 -100.00 -100.00 -100.00
  38    51.802 55033.28622549 42.09 303.795802 -28.772602  9.511 -100.00 -100.00 -100.00
  38    51.817 55033.28622608 42.57 303.797023 -28.770182 21.902 -100.00 -100.00 -100.00
  39    50.233 55043.20186620 36.13 303.796955 -28.774622 20.744 -100.00 -100.00 -100.00
  39    50.474 55043.20186679 41.78 303.798176 -28.772202 26.290 -100.00 -100.00 -100.00
  39    49.633 55043.20186738 46.35 303.799397 -28.769782 30.215 -100.00 -100.00 -100.00
  39    49.542 55043.20186797 37.12 303.800618 -28.767362   -100 -100.00 -100.00 -100.00
  40    64.072 55053.11750617 33.62 303.801221 -28.773956  8.290 -100.00 -100.00 -100.00
  40    63.156 55053.11750676 34.20 303.802442 -28.771536  9.843 -100.00 -100.00 -100.00
  40    54.891 55053.11750735 36.17 303.803663 -28.769116 14.044 -100.00 -100.00 -100.00
  40    55.229 55053.11750794 36.18 303.804884 -28.766696 12.346 -100.00 -100.00 -100.00
  41    63.920 55063.03314378 28.40 303.803674 -28.773798  7.633 -100.00 -100.00 -100.00
  41    52.953 55063.03314437 38.95 303.804895 -28.771378   -100 -100.00 -100.00 -100.00
  41    53.097 55063.03314496 34.96 303.806116 -28.768958 24.235 -100.00 -100.00 -100.00
  41    54.181 55063.03314555 30.83 303.807337 -28.766537 12.806 -100.00 -100.00 -100.00
  41    53.629 55063.03314614 36.48 303.808558 -28.764117 29.911 -100.00 -100.00 -100.00
  42    50.905 55072.94878802 40.99 303.800897 -28.773868 17.610 -100.00 -100.00 -100.00
  42    49.877 55072.94878861 46.35 303.802118 -28.771448   -100 -100.00 -100.00 -100.00
  42    49.764 55072.94878920 51.26 303.803339 -28.769028 13.437 -100.00 -100.00 -100.00
  42    49.873 55072.94878979 52.13 303.804561 -28.766608  9.900 -100.00 -100.00 -100.00
  43    54.916 55082.86443530 25.99 303.794677 -28.776315 15.019 -100.00 -100.00 -100.00
  43    53.289 55082.86443589 26.38 303.795899 -28.773895 15.031 -100.00 -100.00 -100.00
  43    53.417 55082.86443648 26.83 303.797120 -28.771475 16.258 -100.00 -100.00 -100.00
  43    53.531 55082.86443707 28.78 303.798341 -28.769055 21.118 -100.00 -100.00 -100.00
  44    62.125 55092.78008235 32.17 303.791815 -28.775415 13.781 -100.00 -100.00 -100.00
  44    61.734 55092.78008294 31.82 303.793037 -28.772995 12.159 -100.00 -100.00 -100.00
  44    55.294 55092.78008353 34.31 303.794258 -28.770575 18.339 -100.00 -100.00 -100.00
  45    54.306 55102.69572901 30.50 303.790438 -28.776421 17.641 -100.00 -100.00 -100.00
  45    54.279 55102.69572960 32.70 303.791660 -28.774001 21.449 -100.00 -100.00 -100.00
  45    54.311 55102.69573019 33.44 303.792881 -28.771581 23.437 -100.00 -100.00 -100.00
  46    53.254 55112.61137587 41.01 303.791274 -28.775937   -100 -100.00 -100.00 -100.00
  46    52.916 55112.61137646 39.93 303.792495 -28.773517   -100 -100.00 -100.00 -100.00
  46    52.743 55112.61137705 36.94 303.793717 -28.771097   -100 -100.00 -100.00 -100.00
  47    52.628 55122.52702043 36.02 303.792613 -28.775301   -100 -100.00 -100.00 -100.00
  47    53.917 55122.52702102 31.57 303.793834 -28.772881 22.961 -100.00 -100.00 -100.00
  47    53.896 55122.52702161 34.30 303.795055 -28.770461   -100 -100.00 -100.00 -100.00
  48    51.791 55132.44266167 36.06 303.792736 -28.775742 26.631 -100.00 -100.00 -100.00
  48    52.484 55132.44266226 37.80 303.793957 -28.773322 20.608 -100.00 -100.00 -100.00
  48    52.091 55132.44266285 41.73 303.795179 -28.770902 26.662 -100.00 -100.00 -100.00
  49    55.816 55142.35830037 32.63 303.791539 -28.777081 11.699 -100.00 -100.00 -100.00
  49    64.846 55142.35830096 30.38 303.792760 -28.774661  8.793 -100.00 -100.00 -100.00
  49    65.349 55142.35830155 29.60 303.793981 -28.772241  7.727 -100.00 -100.00 -100.00
  49    54.448 55142.35830214 29.87 303.795203 -28.769821  8.852 -100.00 -100.00 -100.00
  50    54.084 55152.27393866 45.82 303.791877 -28.777013   -100 -100.00 -100.00 -100.00
  50    54.474 55152.27393925 46.00 303.793098 -28.774593 28.986 -100.00 -100.00 -100.00
  50    54.262 55152.27393984 50.30 303.794320 -28.772173   -100 -100.00 -100.00 -100.00
  50    53.986 55152.27394043 54.37 303.795541 -28.769753   -100 -100.00 -100.00 -100.00
  51    56.574 55162.18957772 46.33 303.795265 -28.775522   -100 -100.00 -100.00 -100.00
  51    56.361 55162.18957831 49.45 303.796486 -28.773102 14.145 -100.00 -100.00 -100.00
  51    56.731 55162.18957890 52.46 303.797707 -28.770682   -100 -100.00 -100.00 -100.00
  51    56.638 55162.18957949 53.05 303.798928 -28.768262   -100 -100.00 -100.00 -100.00
  52    54.574 55172.10521677 47.05 303.800487 -28.773317  1.214 -100.00 -100.00 -100.00
  52    54.600 55172.10521736 40.27 303.801708 -28.770897   -100 -100.00 -100.00 -100.00
  52    54.551 55172.10521795 39.40 303.802929 -28.768477   -100 -100.00 -100.00 -100.00
  52    54.640 55172.10521854 36.96 303.804150 -28.766057   -100 -100.00 -100.00 -100.00
  53    51.321 55182.02085318 44.10 303.803280 -28.775572 30.888 -100.00 -100.00 -100.00
  53    51.852 55182.02085377 43.74 303.804501 -28.773152 22.272 -100.00 -100.00 -100.00
  53    51.180 55182.02085436 47.77 303.805723 -28.770732  0.283 -100.00 -100.00 -100.00
  53    51.201 55182.02085495 47.96 303.806944 -28.768312 19.421 -100.00 -100.00 -100.00
  53    51.077 55182.02085555 46.16 303.808165 -28.765891  3.692 -100.00 -100.00 -100.00
  53    50.993 55182.02085614 44.32 303.809386 -28.763471   -100 -100.00 -100.00 -100.00
  54    63.918 55191.93650372 29.37 303.800457 -28.774513 13.289 -100.00 -100.00 -100.00
  54    63.850 55191.93650431 27.31 303.801678 -28.772093  9.519 -100.00 -100.00 -100.00
  54    63.054 55191.93650490 27.91 303.802899 -28.769672 10.117 -100.00 -100.00 -100.00
  54    53.288 55191.93650549 31.64 303.804120 -28.767252 22.177 -100.00 -100.00 -100.00
  55    48.648 55201.85215367 41.09 303.795570 -28.775295   -100 -100.00 -100.00 -100.00
  55    49.464 55201.85215426 38.72 303.796791 -28.772875 21.701 -100.00 -100.00 -100.00
  55    49.243 55201.85215485 42.80 303.798012 -28.770454 28.470 -100.00 -100.00 -100.00
  55    48.564 55201.85215544 47.31 303.799234 -28.768034 20.209 -100.00 -100.00 -100.00
  56    52.102 55211.76780325 42.06 303.792130 -28.776386 19.215 -100.00 -100.00 -100.00
  56    51.602 55211.76780384 45.23 303.793352 -28.773965   -100 -100.00 -100.00 -100.00
  56    51.445 55211.76780443 51.03 303.794573 -28.771545  0.118 -100.00 -100.00 -100.00
  56    51.405 55211.76780502 49.19 303.795794 -28.769125   -100 -100.00 -100.00 -100.00
  57    53.092 55221.68345271 46.21 303.791295 -28.776835   -100 -100.00 -100.00 -100.00
  57    53.194 55221.68345330 46.34 303.792517 -28.774414 31.677 -100.00 -100.00 -100.00
  57    52.761 55221.68345389 50.25 303.793738 -28.771994  6.895 -100.00 -100.00 -100.00
  57    52.789 55221.68345448 54.23 303.794959 -28.769574 13.165 -100.00 -100.00 -100.00
  58    56.241 55231.59910095 28.46 303.790569 -28.777305  9.237 -100.00 -100.00 -100.00
  58    54.946 55231.59910154 30.30 303.791790 -28.774885 15.745 -100.00 -100.00 -100.00
  58    54.153 55231.59910213 31.64 303.793011 -28.772465 21.381 -100.00 -100.00 -100.00
  58    54.004 55231.59910272 34.68 303.794233 -28.770044   -100 -100.00 -100.00 -100.00
  59    55.859 55241.51474627 28.63 303.791005 -28.776013 12.352 -100.00 -100.00 -100.00
  59    54.254 55241.51474686 31.80 303.792227 -28.773593 20.566 -100.00 -100.00 -100.00
  59    53.872 55241.51474745 37.71 303.793448 -28.771173 31.323 -100.00 -100.00 -100.00
  60    50.501 55251.43038740 40.81 303.789268 -28.775978 28.669 -100.00 -100.00 -100.00
  60    49.865 55251.43038799 39.46 303.790490 -28.773557   -100 -100.00 -100.00 -100.00
  60    54.137 55251.43038858 36.59 303.791711 -28.771137   -100 -100.00 -100.00 -100.00
  61    49.410 55261.34602552 40.82 303.786607 -28.777628 22.256 -100.00 -100.00 -100.00
  61    49.277 55261.34602611 41.79 303.787829 -28.775208 26.734 -100.00 -100.00 -100.00
  61    48.829 55261.34602670 48.22 303.789050 -28.772788   -100 -100.00 -100.00 -100.00
  61    48.549 55261.34602729 49.29 303.790272 -28.770367 25.616 -100.00 -100.00 -100.00
  62    49.689 55271.26166315 40.00 303.787443 -28.777340 18.540 -100.00 -100.00 -100.00
  62    48.877 55271.26166374 43.12 303.788665 -28.774920   -100 -100.00 -100.00 -100.00
  62    48.819 55271.26166433 49.40 303.789886 -28.772499   -100 -100.00 -100.00 -100.00
  63    50.701 55281.17730109 39.97 303.791021 -28.776056 17.901 -100.00 -100.00 -100.00
  63    49.961 55281.17730168 45.25 303.792243 -28.773636   -100 -100.00 -100.00 -100.00
  63    49.681 55281.17730227 56.20 303.793464 -28.771215  9.056 -100.00 -100.00 -100.00
  64    49.270 55291.09293807 39.84 303.795922 -28.774353   -100 -100.00 -100.00 -100.00
  64    48.808 55291.09293866 44.70 303.797143 -28.771933 20.928 -100.00 -100.00 -100.00
  64    48.665 55291.09293925 39.87 303.798365 -28.769512  8.569 -100.00 -100.00 -100.00
  65    55.325 55301.00857239 24.55 303.800009 -28.774282 13.639 -100.00 -100.00 -100.00
  65    55.161 55301.00857298 22.62 303.801231 -28.771862  9.208 -100.00 -100.00 -100.00
  65    53.118 55301.00857357 24.92 303.802452 -28.769441 16.719 -100.00 -100.00 -100.00
  65    53.182 55301.00857416 31.98 303.803674 -28.767021   -100 -100.00 -100.00 -100.00
  66    51.598 55310.92421857 41.04 303.797850 -28.774883 21.430 -100.00 -100.00 -100.00
  66    51.211 55310.92421916 45.47 303.799072 -28.772462   -100 -100.00 -100.00 -100.00
  66    51.046 55310.92421975 50.11 303.800293 -28.770042   -100 -100.00 -100.00 -100.00
  66    50.939 55310.92422034 51.36 303.801515 -28.767622 15.354 -100.00 -100.00 -100.00
  67    55.555 55320.83986386 29.93 303.795663 -28.774470 16.804 -100.00 -100.00 -100.00
  67    54.928 55320.83986445 30.11 303.796885 -28.772050 14.510 -100.00 -100.00 -100.00
  67    55.222 55320.83986504 31.04 303.798106 -28.769629 18.701 -100.00 -100.00 -100.00
  68    55.536 55330.75550793 28.89 303.793555 -28.775593 20.304 -100.00 -100.00 -100.00
  68    54.190 55330.75550852 29.29 303.794776 -28.773172 21.088 -100.00 -100.00 -100.00
  68    54.051 55330.75550912 30.20 303.795998 -28.770752 22.623 -100.00 -100.00 -100.00
  69    54.495 55340.67115220 38.40 303.793507 -28.776157 24.713 -100.00 -100.00 -100.00
  69    54.576 55340.67115279 40.16 303.794729 -28.773736 31.485 -100.00 -100.00 -100.00
  69    54.376 55340.67115338 43.04 303.795950 -28.771316   -100 -100.00 -100.00 -100.00
  69    54.652 55340.67115397 44.10 303.797172 -28.768895   -100 -100.00 -100.00 -100.00
  70    54.999 55350.58679681 26.54 303.795859 -28.774825  9.861 -100.00 -100.00 -100.00
  70    61.154 55350.58679740 27.18 303.797081 -28.772404 10.461 -100.00 -100.00 -100.00
  70    54.428 55350.58679799 28.37 303.798302 -28.769984 11.588 -100.00 -100.00 -100.00
  71    49.604 55360.50243917 43.26 303.798230 -28.773577   -100 -100.00 -100.00 -100.00
  71    49.554 55360.50243976 46.20 303.799451 -28.771156   -100 -100.00 -100.00 -100.00
  71    49.417 55360.50244035 44.96 303.800673 -28.768736  4.678 -100.00 -100.00 -100.00
  72    51.060 55370.41807828 35.06 303.797812 -28.775328 27.518 -100.00 -100.00 -100.00
  72    51.065 55370.41807887 38.14 303.799033 -28.772908   -100 -100.00 -100.00 -100.00
  72    51.843 55370.41807946 39.01 303.800254 -28.770488 19.642 -100.00 -100.00 -100.00
  72    51.398 55370.41808005 41.95 303.801475 -28.768067 29.773 -100.00 -100.00 -100.00
  73    49.449 55380.33371625 39.09 303.798503 -28.775075 17.410 -100.00 -100.00 -100.00
  73    50.132 55380.33371684 42.08 303.799725 -28.772654 21.359 -100.00 -100.00 -100.00
  73    49.424 55380.33371743 53.71 303.800946 -28.770234 11.387 -100.00 -100.00 -100.00
  73    49.277 55380.33371802 53.46 303.802167 -28.767814 25.116 -100.00 -100.00 -100.00
  74    66.788 55390.24935348 29.67 303.800253 -28.774685  7.158 -100.00 -100.00 -100.00
  74    64.119 55390.24935407 30.13 303.801474 -28.772265  7.344 -100.00 -100.00 -100.00
  74    62.461 55390.24935466 32.28 303.802695 -28.769845 10.966 -100.00 -100.00 -100.00
  74    54.972 55390.24935525 33.38 303.803916 -28.767425 13.716 -100.00 -100.00 -100.00
  75    53.575 55400.16498948 44.20 303.802920 -28.775610   -100 -100.00 -100.00 -100.00
  75    53.646 55400.16499007 46.03 303.804141 -28.773190   -100 -100.00 -100.00 -100.00
  75    53.427 55400.16499066 49.30 303.805362 -28.770770   -100 -100.00 -100.00 -100.00
  75    53.396 55400.16499125 51.49 303.806583 -28.768350 20.810 -100.00 -100.00 -100.00
  75    53.420 55400.16499184 53.41 303.807804 -28.765930 15.354 -100.00 -100.00 -100.00
  75    53.215 55400.16499243 52.26 303.809025 -28.763509 27.618 -100.00 -100.00 -100.00
  76    51.337 55410.08063681 38.12 303.803049 -28.775240 22.965 -100.00 -100.00 -100.00
  76    51.621 55410.08063740 41.20 303.804270 -28.772820 19.408 -100.00 -100.00 -100.00
  76    52.313 55410.08063799 45.77 303.805492 -28.770400   -100 -100.00 -100.00 -100.00
  76    50.743 55410.08063858 38.21 303.806713 -28.767979   -100 -100.00 -100.00 -100.00
  76    53.385 55410.08063917 33.55 303.807934 -28.765559 25.293 -100.00 -100.00 -100.00
  77    50.587 55419.99628676 39.98 303.800772 -28.773918 22.045 -100.00 -100.00 -100.00
  77    49.838 55419.99628735 46.06 303.801993 -28.771498   -100 -100.00 -100.00 -100.00
  77    50.107 55419.99628794 50.20 303.803215 -28.769078   -100 -100.00 -100.00 -100.00
  77    49.738 55419.99628853 52.51 303.804436 -28.766658 24.000 -100.00 -100.00 -100.00
  78    50.522 55429.91193281 36.24 303.795888 -28.776130 14.339 -100.00 -100.00 -100.00
  78    49.633 55429.91193340 39.21 303.797109 -28.773710 24.949 -100.00 -100.00 -100.00
  78    49.405 55429.91193399 51.53 303.798330 -28.771290   -100 -100.00 -100.00 -100.00
  78    49.308 55429.91193458 49.16 303.799552 -28.768870   -100 -100.00 -100.00 -100.00
  79    48.500 55439.82757761 41.28 303.793456 -28.774721 19.905 -100.00 -100.00 -100.00
  79    48.247 55439.82757820 42.82 303.794677 -28.772300   -100 -100.00 -100.00 -100.00
  79    47.975 55439.82757879 47.29 303.795898 -28.769880   -100 -100.00 -100.00 -100.00
  80    53.654 55449.74322104 31.21 303.792389 -28.774937 22.760 -100.00 -100.00 -100.00
  80    53.974 55449.74322163 31.00 303.793611 -28.772517 21.039 -100.00 -100.00 -100.00
  80    53.913 55449.74322222 30.09 303.794832 -28.770097 20.339 -100.00 -100.00 -100.00
  81    53.967 55459.65886418 29.27 303.793166 -28.775450 20.321 -100.00 -100.00 -100.00
  81    54.213 55459.65886477 26.04 303.794387 -28.773030 12.308 -100.00 -100.00 -100.00
  81    54.148 55459.65886536 27.90 303.795609 -28.770610 15.704 -100.00 -100.00 -100.00
  82    50.609 55469.57450653 36.44 303.794573 -28.775756   -100 -100.00 -100.00 -100.00
  82    53.602 55469.57450712 31.79 303.795795 -28.773336 25.984 -100.00 -100.00 -100.00
  82    53.708 55469.57450771 28.53 303.797016 -28.770916 14.553 -100.00 -100.00 -100.00
  82    53.874 55469.57450830 27.77 303.798237 -28.768496 12.250 -100.00 -100.00 -100.00
  83    54.349 55479.49014597 25.84 303.796572 -28.774770 13.121 -100.00 -100.00 -100.00
  83    50.603 55479.49014656 32.14 303.797793 -28.772350 25.106 -100.00 -100.00 -100.00
  83    53.624 55479.49014715 29.00 303.799014 -28.769931 21.230 -100.00 -100.00 -100.00
  83    53.700 55479.49014774 30.94 303.800235 -28.767511 23.439 -100.00 -100.00 -100.00
  84    51.188 55489.40578222 39.08 303.797933 -28.774900 22.701 -100.00 -100.00 -100.00
  84    50.866 55489.40578281 43.31 303.799154 -28.772480 32.154 -100.00 -100.00 -100.00
  84    50.856 55489.40578340 49.55 303.800375 -28.770061   -100 -100.00 -100.00 -100.00
  84    50.519 55489.40578399 51.21 303.801596 -28.767641   -100 -100.00 -100.00 -100.00
  85    54.503 55499.32141609 24.17 303.799824 -28.774918 12.504 -100.00 -100.00 -100.00
  85    54.102 55499.32141668 23.53 303.801046 -28.772498 11.813 -100.00 -100.00 -100.00
  85    53.152 55499.32141727 27.38 303.802267 -28.770078 20.388 -100.00 -100.00 -100.00
  85    53.418 55499.32141786 25.37 303.803488 -28.767658 12.877 -100.00 -100.00 -100.00
  86    48.862 55509.23705616 35.55 303.800108 -28.775279 27.629 -100.00 -100.00 -100.00
  86    49.919 55509.23705675 39.11 303.801329 -28.772859 18.572 -100.00 -100.00 -100.00
  86    49.125 55509.23705734 50.55 303.802550 -28.770439   -100 -100.00 -100.00 -100.00
  86    48.828 55509.23705793 55.40 303.803771 -28.768019 19.390 -100.00 -100.00 -100.00
  86    48.756 55509.23705853 51.59 303.804992 -28.765600 20.680 -100.00 -100.00 -100.00
  87    48.047 55519.15270642 42.24 303.799301 -28.773337 26.247 -100.00 -100.00 -100.00
  87    48.041 55519.15270701 53.59 303.800522 -28.770917   -100 -100.00 -100.00 -100.00
  88    48.022 55529.06835507 41.99 303.797951 -28.774697   -100 -100.00 -100.00 -100.00
  88    48.230 55529.06835566 43.18 303.799172 -28.772277   -100 -100.00 -100.00 -100.00
  88    48.100 55529.06835625 50.64 303.800393 -28.769857   -100 -100.00 -100.00 -100.00
  88    48.083 55529.06835684 50.25 303.801614 -28.767437   -100 -100.00 -100.00 -100.00
  89    51.290 55538.98400222 43.37 303.796831 -28.775468   -100 -100.00 -100.00 -100.00
  89    51.230 55538.98400281 41.94 303.798052 -28.773048   -100 -100.00 -100.00 -100.00
  89    51.256 55538.98400340 38.44 303.799273 -28.770628   -100 -100.00 -100.00 -100.00
  89    51.567 55538.98400399 33.67 303.800494 -28.768208 25.360 -100.00 -100.00 -100.00
  90    53.823 55548.89964761 45.26 303.795938 -28.775199   -100 -100.00 -100.00 -100.00
  90    53.378 55548.89964820 48.54 303.797159 -28.772779 16.557 -100.00 -100.00 -100.00
  90    53.375 55548.89964879 52.65 303.798380 -28.770359   -100 -100.00 -100.00 -100.00
  90    53.493 55548.89964938 49.86 303.799601 -28.767939 18.056 -100.00 -100.00 -100.00
  91    49.390 55558.81529104 43.28 303.793800 -28.776461   -100 -100.00 -100.00 -100.00
  91    55.203 55558.81529163 31.08 303.795022 -28.774040 15.452 -100.00 -100.00 -100.00
  91    57.938 55558.81529222 28.37 303.796243 -28.771620 10.779 -100.00 -100.00 -100.00
  91    57.455 55558.81529281 27.41 303.797464 -28.769200  9.219 -100.00 -100.00 -100.00
  92    49.718 55568.73093425 41.39 303.793805 -28.776046 27.114 -100.00 -100.00 -100.00
  92    49.828 55568.73093484 43.32 303.795026 -28.773626 28.050 -100.00 -100.00 -100.00
  92    49.436 55568.73093543 49.27 303.796247 -28.771206   -100 -100.00 -100.00 -100.00
  92    49.259 55568.73093602 53.51 303.797468 -28.768785 22.039 -100.00 -100.00 -100.00
  93    50.096 55578.64657656 40.07 303.794846 -28.776057 16.570 -100.00 -100.00 -100.00
  93    49.505 55578.64657715 42.13 303.796067 -28.773637 22.701 -100.00 -100.00 -100.00
  93    48.976 55578.64657774 54.21 303.797288 -28.771217  0.498 -100.00 -100.00 -100.00
  93    48.865 55578.64657834 51.88 303.798510 -28.768796 31.206 -100.00 -100.00 -100.00
  94    66.387 55588.56221663 24.38 303.796372 -28.775417  7.013 -100.00 -100.00 -100.00
  94    48.773 55588.56221722 33.68 303.797593 -28.772997   -100 -100.00 -100.00 -100.00
  94    48.798 55588.56221781 34.49 303.798814 -28.770577 28.938 -100.00 -100.00 -100.00
  94    52.711 55588.56221840 35.54 303.800036 -28.768156 29.613 -100.00 -100.00 -100.00
  95    51.005 55598.47785328 39.12 303.797731 -28.775452 19.052 -100.00 -100.00 -100.00
  95    50.663 55598.47785387 42.15 303.798953 -28.773032 31.391 -100.00 -100.00 -100.00
  95    50.639 55598.47785446 47.15 303.800174 -28.770612   -100 -100.00 -100.00 -100.00
  95    50.450 55598.47785505 50.23 303.801396 -28.768192   -100 -100.00 -100.00 -100.00
  96    53.404 55608.39348746 43.22 303.799572 -28.773772 21.308 -100.00 -100.00 -100.00
  96    52.490 55608.39348805 47.24 303.800794 -28.771352   -100 -100.00 -100.00 -100.00
  96    52.641 55608.39348865 52.53 303.802015 -28.768932   -100 -100.00 -100.00 -100.00
  96    52.403 55608.39348924 53.63 303.803236 -28.766512 31.906 -100.00 -100.00 -100.00
  97    50.457 55618.30911913 34.56 303.801374 -28.773900 30.840 -100.00 -100.00 -100.00
  97    49.968 55618.30911972 34.24 303.802595 -28.771480   -100 -100.00 -100.00 -100.00
  97    53.154 55618.30912031 27.56 303.803817 -28.769059 16.214 -100.00 -100.00 -100.00
  97    53.428 55618.30912090 28.09 303.805038 -28.766639 17.718 -100.00 -100.00 -100.00
  98    50.459 55628.22476545 36.93 303.800221 -28.774295 19.861 -100.00 -100.00 -100.00
  98    49.288 55628.22476604 43.24 303.801443 -28.771875   -100 -100.00 -100.00 -100.00
  98    49.491 55628.22476663 53.53 303.802664 -28.769454   -100 -100.00 -100.00 -100.00
  98    49.490 55628.22476723 49.35 303.803885 -28.767034   -100 -100.00 -100.00 -100.00
  99    51.118 55638.14041612 36.31 303.798999 -28.774598 13.728 -100.00 -100.00 -100.00
  99    49.830 55638.14041671 41.28 303.800221 -28.772177 18.196 -100.00 -100.00 -100.00
  99    48.977 55638.14041730 52.57 303.801442 -28.769757   -100 -100.00 -100.00 -100.00
  99    48.933 55638.14041789 52.30 303.802663 -28.767337   -100 -100.00 -100.00 -100.00
 100    49.073 55648.05606490 39.38 303.798267 -28.774052   -100 -100.00 -100.00 -100.00
 100    49.479 55648.05606550 42.09 303.799489 -28.771632   -100 -100.00 -100.00 -100.00
 100    49.157 55648.05606609 43.42 303.800710 -28.769211   -100 -100.00 -100.00 -100.00
 101    52.251 55657.97171024 40.23 303.795573 -28.775534 28.194 -100.00 -100.00 -100.00
 101    52.251 55657.97171083 45.26 303.796794 -28.773114   -100 -100.00 -100.00 -100.00
 101    52.106 55657.97171142 56.64 303.798016 -28.770694 24.808 -100.00 -100.00 -100.00
 101    52.407 55657.97171201 53.68 303.799237 -28.768273   -100 -100.00 -100.00 -100.00
 102    49.680 55667.88735227 38.94 303.794502 -28.774770   -100 -100.00 -100.00 -100.00
 102    49.791 55667.88735286 41.12 303.795723 -28.772350   -100 -100.00 -100.00 -100.00
 102    50.245 55667.88735345 42.14 303.796945 -28.769929 29.165 -100.00 -100.00 -100.00
 103    53.339 55677.80299146 41.22 303.794101 -28.776263 28.767 -100.00 -100.00 -100.00
 103    53.652 55677.80299205 44.36 303.795323 -28.773842 27.548 -100.00 -100.00 -100.00
 103    53.152 55677.80299264 48.30 303.796544 -28.771422   -100 -100.00 -100.00 -100.00
 103    52.986 55677.80299323 52.68 303.797766 -28.769002 24.301 -100.00 -100.00 -100.00
 104    49.486 55687.71862973 38.31 303.797252 -28.775065 31.232 -100.00 -100.00 -100.00
 104    49.936 55687.71863032 42.28 303.798474 -28.772645   -100 -100.00 -100.00 -100.00
 104    49.694 55687.71863091 53.36 303.799695 -28.770225   -100 -100.00 -100.00 -100.00
 104    49.463 55687.71863150 51.61 303.800917 -28.767804 17.109 -100.00 -100.00 -100.00
 105    55.042 55697.63426635 29.61 303.800610 -28.775172 15.996 -100.00 -100.00 -100.00
 105    50.164 55697.63426694 33.00 303.801832 -28.772752 28.877 -100.00 -100.00 -100.00
 105    53.037 55697.63426753 33.81 303.803053 -28.770332 24.186 -100.00 -100.00 -100.00
 105    53.203 55697.63426812 32.17 303.804274 -28.767911 22.461 -100.00 -100.00 -100.00
 105    53.452 55697.63426871 34.57 303.805495 -28.765491 28.375 -100.00 -100.00 -100.00
 106    54.816 55707.54990201 30.07 303.804044 -28.775191 15.269 -100.00 -100.00 -100.00
 106    65.316 55707.54990260 25.50 303.805266 -28.772771  6.386 -100.00 -100.00 -100.00
 106    64.564 55707.54990319 26.18 303.806487 -28.770351  7.848 -100.00 -100.00 -100.00
 106    54.190 55707.54990378 27.85 303.807708 -28.767930 10.763 -100.00 -100.00 -100.00
 106    53.179 55707.54990437 33.66 303.808929 -28.765510 25.791 -100.00 -100.00 -100.00
 106    54.032 55707.54990496 32.79 303.810150 -28.763089 20.743 -100.00 -100.00 -100.00
 107    50.001 55717.46555322 39.25 303.802205 -28.773483 17.342 -100.00 -100.00 -100.00
 107    48.966 55717.46555381 48.29 303.803427 -28.771063 17.483 -100.00 -100.00 -100.00
 107    49.212 55717.46555440 50.51 303.804648 -28.768643  3.908 -100.00 -100.00 -100.00
 107    49.194 55717.46555499 50.81 303.805869 -28.766223   -100 -100.00 -100.00 -100.00
 108    55.009 55727.38120060 23.97 303.798522 -28.775391  9.686 -100.00 -100.00 -100.00
 108    54.629 55727.38120119 23.49 303.799744 -28.772971  8.294 -100.00 -100.00 -100.00
 108    54.151 55727.38120178 26.26 303.800965 -28.770551 13.598 -100.00 -100.00 -100.00
 108    53.324 55727.38120237 31.07 303.802186 -28.768131 27.987 -100.00 -100.00 -100.00
 109    55.250 55737.29684676 31.74 303.797204 -28.775354 15.948 -100.00 -100.00 -100.00
 109    55.084 55737.29684735 28.71 303.798425 -28.772933 10.084 -100.00 -100.00 -100.00
 109    54.952 55737.29684794 29.89 303.799646 -28.770513 11.801 -100.00 -100.00 -100.00
 109    54.681 55737.29684853 34.41 303.800867 -28.768093 23.173 -100.00 -100.00 -100.00
 110    54.099 55747.21249197 46.80 303.797551 -28.774186   -100 -100.00 -100.00 -100.00
 110    54.171 55747.21249256 48.64 303.798772 -28.771766   -100 -100.00 -100.00 -100.00
 110    54.317 55747.21249315 50.79 303.799993 -28.769346   -100 -100.00 -100.00 -100.00
 111    51.010 55757.12813474 40.27 303.797605 -28.774797 21.763 -100.00 -100.00 -100.00
 111    50.445 55757.12813533 45.81 303.798826 -28.772377   -100 -100.00 -100.00 -100.00
 111    50.618 55757.12813592 49.77 303.800047 -28.769957   -100 -100.00 -100.00 -100.00
 111    50.316 55757.12813651 51.43 303.801268 -28.767537   -100 -100.00 -100.00 -100.00
 112    56.838 55767.04377503 48.78 303.798025 -28.775246   -100 -100.00 -100.00 -100.00
 112    56.875 55767.04377562 49.08 303.799247 -28.772826   -100 -100.00 -100.00 -100.00
 112    56.925 55767.04377621 52.08 303.800468 -28.770406   -100 -100.00 -100.00 -100.00
 112    57.031 55767.04377680 52.72 303.801689 -28.767986   -100 -100.00 -100.00 -100.00
 113    54.795 55776.95941279 28.27 303.798638 -28.774568 11.447 -100.00 -100.00 -100.00
 113    54.903 55776.95941338 28.25 303.799859 -28.772148  8.858 -100.00 -100.00 -100.00
 113    55.622 55776.95941397 31.04 303.801081 -28.769728 12.105 -100.00 -100.00 -100.00
 113    55.566 55776.95941456 33.62 303.802302 -28.767308 17.067 -100.00 -100.00 -100.00
 114    54.328 55786.87504788 35.19 303.798995 -28.774858   -100 -100.00 -100.00 -100.00
 114    54.512 55786.87504848 29.58 303.800217 -28.772438 19.866 -100.00 -100.00 -100.00
 114    55.162 55786.87504907 33.61 303.801438 -28.770018 32.376 -100.00 -100.00 -100.00
 114    55.079 55786.87504966 36.28 303.802660 -28.767598   -100 -100.00 -100.00 -100.00
 115    52.682 55796.79068209 43.34 303.801736 -28.773741 32.435 -100.00 -100.00 -100.00
 115    52.378 55796.79068268 47.39 303.802957 -28.771321   -100 -100.00 -100.00 -100.00
 115    52.086 55796.79068327 45.04 303.804179 -28.768900  7.669 -100.00 -100.00 -100.00
 115    52.416 55796.79068386 39.12 303.805400 -28.766480   -100 -100.00 -100.00 -100.00
 116    54.999 55806.70632405 46.68 303.802002 -28.775321  2.694 -100.00 -100.00 -100.00
 116    55.080 55806.70632464 47.27 303.803224 -28.772901  6.772 -100.00 -100.00 -100.00
 116    55.225 55806.70632523 48.27 303.804445 -28.770481   -100 -100.00 -100.00 -100.00
 116    55.166 55806.70632582 49.67 303.805666 -28.768061  3.698 -100.00 -100.00 -100.00
 116    55.130 55806.70632641 50.82 303.806887 -28.765641 19.300 -100.00 -100.00 -100.00
 117    54.986 55816.62197351 47.31 303.801775 -28.775217   -100 -100.00 -100.00 -100.00
 117    55.121 55816.62197410 49.59 303.802997 -28.772797   -100 -100.00 -100.00 -100.00
 117    54.834 55816.62197469 49.85 303.804218 -28.770377 19.797 -100.00 -100.00 -100.00
 117    54.998 55816.62197528 51.70 303.805439 -28.767957 14.264 -100.00 -100.00 -100.00
 117    55.139 55816.62197587 52.86 303.806660 -28.765536   -100 -100.00 -100.00 -100.00
 118    50.712 55826.53761965 40.20 303.801221 -28.775425 26.311 -100.00 -100.00 -100.00
 118    50.776 55826.53762024 42.46 303.802442 -28.773005   -100 -100.00 -100.00 -100.00
 118    50.749 55826.53762083 45.43 303.803663 -28.770585   -100 -100.00 -100.00 -100.00
 118    50.890 55826.53762142 47.20 303.804884 -28.768165   -100 -100.00 -100.00 -100.00
 118    50.652 55826.53762201 47.41 303.806105 -28.765745   -100 -100.00 -100.00 -100.00
 119    50.752 55836.45326159 40.38 303.800947 -28.774143 25.802 -100.00 -100.00 -100.00
 119    50.383 55836.45326218 45.67 303.802168 -28.771724   -100 -100.00 -100.00 -100.00
 119    50.304 55836.45326277 50.49 303.803389 -28.769304   -100 -100.00 -100.00 -100.00
 119    50.164 55836.45326336 53.69 303.804611 -28.766884 20.117 -100.00 -100.00 -100.00
 120    49.915 55846.36889999 36.29 303.800590 -28.773301   -100 -100.00 -100.00 -100.00
 120    49.980 55846.36890058 40.39 303.801811 -28.770881   -100 -100.00 -100.00 -100.00
 120    50.343 55846.36890117 41.22 303.803032 -28.768461 23.859 -100.00 -100.00 -100.00
 120    49.806 55846.36890176 45.52 303.804253 -28.766041   -100 -100.00 -100.00 -100.00
 121    50.749 55856.28453556 39.42 303.802213 -28.773813 24.684 -100.00 -100.00 -100.00
 121    49.688 55856.28453615 51.27 303.803434 -28.771393 29.323 -100.00 -100.00 -100.00
 121    49.914 55856.28453674 56.86 303.804656 -28.768974   -100 -100.00 -100.00 -100.00
 121    50.084 55856.28453733 51.48 303.805877 -28.766554  0.580 -100.00 -100.00 -100.00
 122    51.712 55866.20017760 39.42 303.802295 -28.775901 23.952 -100.00 -100.00 -100.00
 122    51.922 55866.20017819 43.38 303.803516 -28.773481 23.669 -100.00 -100.00 -100.00
 122    51.215 55866.20017878 46.58 303.804737 -28.771061  3.608 -100.00 -100.00 -100.00
 122    51.260 55866.20017937 52.48 303.805958 -28.768641 24.826 -100.00 -100.00 -100.00
 122    51.338 55866.20017996 53.84 303.807179 -28.766221   -100 -100.00 -100.00 -100.00
 122    51.075 55866.20018055 53.87 303.808400 -28.763801   -100 -100.00 -100.00 -100.00
 123    49.141 55876.11583026 36.69 303.801645 -28.774687 30.200 -100.00 -100.00 -100.00
 123    49.386 55876.11583085 41.57 303.802866 -28.772267   -100 -100.00 -100.00 -100.00
 123    49.407 55876.11583144 51.99 303.804087 -28.769847 28.994 -100.00 -100.00 -100.00
 123    49.376 55876.11583203 49.92 303.805308 -28.767427   -100 -100.00 -100.00 -100.00
 123    49.181 55876.11583262 51.71 303.806529 -28.765007 17.194 -100.00 -100.00 -100.00
 133    67.066 55975.27226490 21.77 303.793350 -28.776637  6.203 -100.00 -100.00 -100.00
 133    66.522 55975.27226549 22.58 303.794571 -28.774217  8.989 -100.00 -100.00 -100.00
 133    62.772 55975.27226608 23.69 303.795793 -28.771797 12.871 -100.00 -100.00 -100.00
 133    65.049 55975.27226667 21.31 303.797014 -28.769377  8.923 -100.00 -100.00 -100.00
 134    48.612 55985.18790148 32.47 303.798189 -28.775404 23.481 -100.00 -100.00 -100.00
 134    48.053 55985.18790207 33.95 303.799410 -28.772984   -100 -100.00 -100.00 -100.00
 134    48.016 55985.18790266 38.69 303.800631 -28.770563 13.711 -100.00 -100.00 -100.00
 134    48.146 55985.18790325 40.59 303.801853 -28.768143 18.365 -100.00 -100.00 -100.00
 135    47.941 55995.10353586 33.79 303.803324 -28.776021 23.085 -100.00 -100.00 -100.00
 135    47.867 55995.10353645 35.60 303.804546 -28.773601   -100 -100.00 -100.00 -100.00
 135    47.755 55995.10353704 39.06 303.805767 -28.771181 27.752 -100.00 -100.00 -100.00
 135    47.926 55995.10353763 43.69 303.806988 -28.768760 21.610 -100.00 -100.00 -100.00
 135    48.691 55995.10353822 41.48 303.808210 -28.766340 23.655 -100.00 -100.00 -100.00
 135    47.885 55995.10353881 45.56 303.809431 -28.763919  0.580 -100.00 -100.00 -100.00
 136    48.195 56005.01918754 33.75 303.801009 -28.775464 16.677 -100.00 -100.00 -100.00
 136    48.061 56005.01918813 35.77 303.802231 -28.773044   -100 -100.00 -100.00 -100.00
 136    48.339 56005.01918872 47.09 303.803452 -28.770624   -100 -100.00 -100.00 -100.00
 136    48.324 56005.01918931 52.88 303.804673 -28.768203   -100 -100.00 -100.00 -100.00
 136    48.426 56005.01918990 48.72 303.805895 -28.765783   -100 -100.00 -100.00 -100.00
 137    55.080 56014.93483536 34.44 303.797305 -28.774826 16.305 -100.00 -100.00 -100.00
 137    49.343 56014.93483595 37.96 303.798527 -28.772405 16.196 -100.00 -100.00 -100.00
 137    47.860 56014.93483654 50.90 303.799748 -28.769985   -100 -100.00 -100.00 -100.00
 137    47.627 56014.93483713 53.83 303.800970 -28.767564 19.246 -100.00 -100.00 -100.00
 139    57.111 56034.76612299 34.72 303.792122 -28.776641 20.752 -100.00 -100.00 -100.00
 139    49.271 56034.76612358 37.37 303.793344 -28.774221 14.075 -100.00 -100.00 -100.00
 139    47.689 56034.76612417 49.89 303.794566 -28.771800   -100 -100.00 -100.00 -100.00
 139    47.372 56034.76612476 54.75 303.795787 -28.769380   -100 -100.00 -100.00 -100.00
 141    55.028 56054.59740377 26.37 303.800153 -28.774310 30.300 -100.00 -100.00 -100.00
 141    54.939 56054.59740436 19.63 303.801374 -28.771889 10.195 -100.00 -100.00 -100.00
 141    54.371 56054.59740495 17.64 303.802596 -28.769469  9.853 -100.00 -100.00 -100.00
 141    52.929 56054.59740554 20.62 303.803817 -28.767048 15.767 -100.00 -100.00 -100.00
 142    54.908 56064.51303835 27.51 303.803141 -28.775516   -100 -100.00 -100.00 -100.00
 142    54.554 56064.51303894 24.94 303.804362 -28.773096 30.002 -100.00 -100.00 -100.00
 142    54.346 56064.51303953 23.80 303.805584 -28.770675 25.024 -100.00 -100.00 -100.00
 142    54.053 56064.51304012 22.79 303.806805 -28.768255 20.698 -100.00 -100.00 -100.00
 142    47.024 56064.51304071 24.50 303.808026 -28.765835 29.576 -100.00 -100.00 -100.00
 142    46.871 56064.51304130 28.45 303.809247 -28.763414   -100 -100.00 -100.00 -100.00
 143    54.586 56074.42868215 28.18 303.802416 -28.774292 23.984 -100.00 -100.00 -100.00
 143    46.746 56074.42868274 28.95 303.803637 -28.771872   -100 -100.00 -100.00 -100.00
 143    46.935 56074.42868333 30.59 303.804858 -28.769451   -100 -100.00 -100.00 -100.00
 143    46.714 56074.42868392 32.27 303.806079 -28.767031   -100 -100.00 -100.00 -100.00
 143    46.597 56074.42868451 31.59 303.807301 -28.764611   -100 -100.00 -100.00 -100.00
 144    71.592 56084.34433095 34.58 303.798449 -28.774289 13.819 -100.00 -100.00 -100.00
 144    47.881 56084.34433154 41.56 303.799670 -28.771868 29.553 -100.00 -100.00 -100.00
 144    47.616 56084.34433213 51.61 303.800891 -28.769448   -100 -100.00 -100.00 -100.00
 144    47.491 56084.34433272 50.80 303.802113 -28.767028   -100 -100.00 -100.00 -100.00
 145    48.941 56094.25997751 43.21 303.797187 -28.773928   -100 -100.00 -100.00 -100.00
 145    48.951 56094.25997810 48.72 303.798408 -28.771508   -100 -100.00 -100.00 -100.00
 145    48.751 56094.25997869 52.55 303.799629 -28.769088   -100 -100.00 -100.00 -100.00
 146    49.258 56104.17562191 36.76 303.797811 -28.774421 18.136 -100.00 -100.00 -100.00
 146    48.773 56104.17562250 42.39 303.799032 -28.772001 31.014 -100.00 -100.00 -100.00
 146    48.583 56104.17562309 47.37 303.800253 -28.769581   -100 -100.00 -100.00 -100.00
 146    48.328 56104.17562368 50.66 303.801474 -28.767160   -100 -100.00 -100.00 -100.00
 147    64.641 56114.09125175 28.74 303.798340 -28.775510  8.930 -100.00 -100.00 -100.00
 147    47.444 56114.09125234 37.66 303.799562 -28.773090   -100 -100.00 -100.00 -100.00
 147    47.858 56114.09125293 36.39 303.800783 -28.770670 28.902 -100.00 -100.00 -100.00
 147    47.490 56114.09125352 38.68 303.802004 -28.768249   -100 -100.00 -100.00 -100.00
 148    49.024 56124.00688995 34.71 303.799927 -28.774700 22.318 -100.00 -100.00 -100.00
 148    48.669 56124.00689054 38.37 303.801149 -28.772280   -100 -100.00 -100.00 -100.00
 148    48.604 56124.00689113 44.48 303.802370 -28.769860  1.494 -100.00 -100.00 -100.00
 148    48.532 56124.00689172 37.65 303.803591 -28.767440   -100 -100.00 -100.00 -100.00
 149    49.407 56133.92252440 36.65 303.801443 -28.773823 13.538 -100.00 -100.00 -100.00
 149    48.076 56133.92252499 42.18 303.802665 -28.771403   -100 -100.00 -100.00 -100.00
 149    47.806 56133.92252558 52.87 303.803886 -28.768983 19.525 -100.00 -100.00 -100.00
 149    47.902 56133.92252617 48.90 303.805107 -28.766562   -100 -100.00 -100.00 -100.00
 150    54.984 56143.83816380 22.91 303.801123 -28.773371 13.307 -100.00 -100.00 -100.00
 150    52.172 56143.83816440 26.30 303.802345 -28.770951 29.362 -100.00 -100.00 -100.00
 150    52.745 56143.83816499 24.71 303.803566 -28.768531 20.557 -100.00 -100.00 -100.00
 150    52.786 56143.83816558 25.74 303.804787 -28.766110 24.426 -100.00 -100.00 -100.00
 151    54.637 56153.75381413 21.33 303.798360 -28.773537  9.471 -100.00 -100.00 -100.00
 151    54.370 56153.75381472 22.13 303.799582 -28.771117 10.153 -100.00 -100.00 -100.00
 151    53.835 56153.75381531 22.61 303.800803 -28.768697 11.408 -100.00 -100.00 -100.00
 152    64.145 56163.66946315 22.47 303.797183 -28.774968  9.906 -100.00 -100.00 -100.00
 152    47.956 56163.66946374 28.39 303.798404 -28.772548 30.386 -100.00 -100.00 -100.00
 152    48.043 56163.66946433 29.60 303.799625 -28.770128   -100 -100.00 -100.00 -100.00
 152    48.009 56163.66946493 30.73 303.800847 -28.767708   -100 -100.00 -100.00 -100.00
 153    55.091 56173.58511088 19.38 303.798674 -28.773611  9.266 -100.00 -100.00 -100.00
 153    54.661 56173.58511147 20.00 303.799895 -28.771191  9.619 -100.00 -100.00 -100.00
 153    53.848 56173.58511206 19.76 303.801116 -28.768771  9.399 -100.00 -100.00 -100.00
 154    55.123 56183.50075294 24.05 303.799181 -28.774541 13.525 -100.00 -100.00 -100.00
 154    47.643 56183.50075353 27.68 303.800402 -28.772121 22.373 -100.00 -100.00 -100.00
 154    60.879 56183.50075412 21.83 303.801623 -28.769701  8.119 -100.00 -100.00 -100.00
 154    53.195 56183.50075471 26.21 303.802844 -28.767281 16.560 -100.00 -100.00 -100.00
 155    49.457 56193.41639110 33.77 303.798609 -28.774907 27.206 -100.00 -100.00 -100.00
 155    50.270 56193.41639169 34.86 303.799831 -28.772487 17.525 -100.00 -100.00 -100.00
 155    49.675 56193.41639228 38.46 303.801052 -28.770067   -100 -100.00 -100.00 -100.00
 155    49.336 56193.41639287 43.81 303.802273 -28.767647   -100 -100.00 -100.00 -100.00
 156    55.355 56203.33202679 34.63 303.799023 -28.773364  8.820 -100.00 -100.00 -100.00
 156    54.872 56203.33202738 36.51 303.800244 -28.770944 12.339 -100.00 -100.00 -100.00
 156    53.906 56203.33202797 37.98 303.801465 -28.768524 14.484 -100.00 -100.00 -100.00
 157    51.137 56213.24766036 39.52 303.801207 -28.774043 29.784 -100.00 -100.00 -100.00
 157    51.018 56213.24766095 43.26 303.802428 -28.771623   -100 -100.00 -100.00 -100.00
 157    51.039 56213.24766154 47.99 303.803649 -28.769203   -100 -100.00 -100.00 -100.00
 157    51.227 56213.24766213 47.95 303.804870 -28.766783   -100 -100.00 -100.00 -100.00
 158    65.637 56223.16329338 31.83 303.806440 -28.774565  6.896 -100.00 -100.00 -100.00
 158    63.209 56223.16329398 33.46 303.807661 -28.772145 10.405 -100.00 -100.00 -100.00
 158    56.110 56223.16329457 33.57 303.808882 -28.769725 10.276 -100.00 -100.00 -100.00
 158    54.866 56223.16329516 35.08 303.810103 -28.767305 12.867 -100.00 -100.00 -100.00
 158    55.026 56223.16329575 35.15 303.811324 -28.764885 11.729 -100.00 -100.00 -100.00
 158    55.407 56223.16329634 35.44 303.812545 -28.762465 11.855 -100.00 -100.00 -100.00
 159    54.137 56233.07894909 42.63 303.804477 -28.775908 32.428 -100.00 -100.00 -100.00
 159    54.326 56233.07894968 44.54 303.805698 -28.773488 30.424 -100.00 -100.00 -100.00
 159    53.960 56233.07895027 47.98 303.806919 -28.771068   -100 -100.00 -100.00 -100.00
 159    54.007 56233.07895086 46.38 303.808140 -28.768648   -100 -100.00 -100.00 -100.00
 159    53.821 56233.07895145 52.96 303.809361 -28.766228 15.682 -100.00 -100.00 -100.00
 159    53.865 56233.07895204 51.82 303.810582 -28.763808  1.550 -100.00 -100.00 -100.00
 160    54.754 56242.99460128 31.19 303.802730 -28.775324 29.038 -100.00 -100.00 -100.00
 160    54.719 56242.99460187 26.51 303.803951 -28.772904 16.195 -100.00 -100.00 -100.00
 160    52.684 56242.99460246 30.82 303.805172 -28.770484 29.728 -100.00 -100.00 -100.00
 160    52.805 56242.99460305 30.81 303.806393 -28.768064 32.084 -100.00 -100.00 -100.00
 160    53.053 56242.99460364 32.03 303.807614 -28.765644   -100 -100.00 -100.00 -100.00
 161    48.020 56252.91024922 35.83 303.800100 -28.774180 18.888 -100.00 -100.00 -100.00
 161    48.392 56252.91024981 42.75 303.801321 -28.771760   -100 -100.00 -100.00 -100.00
 161    48.329 56252.91025040 52.90 303.802542 -28.769340 14.987 -100.00 -100.00 -100.00
 161    48.431 56252.91025099 50.07 303.803763 -28.766920   -100 -100.00 -100.00 -100.00
 162    55.350 56262.82589280 23.11 303.798209 -28.773719 11.792 -100.00 -100.00 -100.00
 162    53.932 56262.82589339 25.67 303.799431 -28.771299 17.461 -100.00 -100.00 -100.00
 162    53.131 56262.82589398 27.81 303.800652 -28.768879 22.897 -100.00 -100.00 -100.00
 164    51.830 56282.65717808 47.83 303.798709 -28.773480   -100 -100.00 -100.00 -100.00
 164    51.472 56282.65717867 51.08 303.799930 -28.771060 14.304 -100.00 -100.00 -100.00
 164    51.538 56282.65717926 54.99 303.801151 -28.768639 19.706 -100.00 -100.00 -100.00
 165    54.958 56292.57282995 30.74 303.795984 -28.775397 16.430 -100.00 -100.00 -100.00
 165    51.294 56292.57283055 33.56 303.797206 -28.772977 26.295 -100.00 -100.00 -100.00
 165    51.319 56292.57283114 34.15 303.798427 -28.770557 30.452 -100.00 -100.00 -100.00
 165    53.266 56292.57283173 36.62 303.799648 -28.768137   -100 -100.00 -100.00 -100.00
 166    53.298 56302.48847738 40.44 303.793075 -28.776647   -100 -100.00 -100.00 -100.00
 166    53.143 56302.48847797 41.18 303.794297 -28.774227   -100 -100.00 -100.00 -100.00
 166    53.335 56302.48847856 45.95 303.795518 -28.771806  3.848 -100.00 -100.00 -100.00
 166    53.354 56302.48847915 44.70 303.796739 -28.769386   -100 -100.00 -100.00 -100.00
 167    50.274 56312.40412052 38.68 303.790623 -28.777301 17.792 -100.00 -100.00 -100.00
 167    49.893 56312.40412111 41.63 303.791844 -28.774881 27.374 -100.00 -100.00 -100.00
 167    49.325 56312.40412170 44.70 303.793066 -28.772461  4.043 -100.00 -100.00 -100.00
 167    49.445 56312.40412229 47.60 303.794287 -28.770041   -100 -100.00 -100.00 -100.00
 168    48.136 56322.31976164 36.81 303.790291 -28.776765 13.979 -100.00 -100.00 -100.00
 168    49.271 56322.31976223 41.78 303.791512 -28.774345 20.111 -100.00 -100.00 -100.00
 168    48.604 56322.31976282 52.74 303.792734 -28.771925  3.549 -100.00 -100.00 -100.00
 168    48.218 56322.31976341 51.87 303.793955 -28.769505   -100 -100.00 -100.00 -100.00
 169    48.906 56332.23540226 37.67 303.792421 -28.775695 20.238 -100.00 -100.00 -100.00
 169    48.229 56332.23540285 38.03 303.793642 -28.773275   -100 -100.00 -100.00 -100.00
 169    48.042 56332.23540344 41.32 303.794863 -28.770855  4.979 -100.00 -100.00 -100.00
 170    49.782 56342.15104265 40.56 303.796414 -28.774078 16.620 -100.00 -100.00 -100.00
 170    48.994 56342.15104324 47.81 303.797635 -28.771658   -100 -100.00 -100.00 -100.00
 170    48.735 56342.15104383 52.09 303.798856 -28.769238   -100 -100.00 -100.00 -100.00
 171    49.399 56352.06668055 37.75 303.800521 -28.773637 18.602 -100.00 -100.00 -100.00
 171    48.586 56352.06668114 44.54 303.801743 -28.771217   -100 -100.00 -100.00 -100.00
 171    48.854 56352.06668173 47.86 303.802964 -28.768797   -100 -100.00 -100.00 -100.00
 171    48.350 56352.06668232 49.02 303.804185 -28.766376 23.009 -100.00 -100.00 -100.00
 172    50.605 56361.98232094 42.56 303.801464 -28.773693 29.123 -100.00 -100.00 -100.00
 172    50.143 56361.98232153 46.97 303.802685 -28.771273  2.433 -100.00 -100.00 -100.00
 172    50.490 56361.98232212 51.14 303.803907 -28.768853   -100 -100.00 -100.00 -100.00
 172    50.258 56361.98232271 50.94 303.805128 -28.766432  3.311 -100.00 -100.00 -100.00
 173    51.299 56371.89796965 36.42 303.796840 -28.774762 29.011 -100.00 -100.00 -100.00
 173    51.892 56371.89797024 35.51 303.798062 -28.772342 19.709 -100.00 -100.00 -100.00
 173    53.544 56371.89797083 33.82 303.799283 -28.769921 15.624 -100.00 -100.00 -100.00
 173    53.760 56371.89797142 35.71 303.800505 -28.767501 16.727 -100.00 -100.00 -100.00
 174    50.125 56381.81361598 37.76 303.792882 -28.775405 23.749 -100.00 -100.00 -100.00
 174    50.046 56381.81361657 42.70 303.794104 -28.772985   -100 -100.00 -100.00 -100.00
 174    49.984 56381.81361716 47.90 303.795326 -28.770564   -100 -100.00 -100.00 -100.00
 175    52.268 56391.72926073 40.68 303.792067 -28.775375 22.828 -100.00 -100.00 -100.00
 175    51.757 56391.72926132 46.15 303.793288 -28.772954   -100 -100.00 -100.00 -100.00
 175    51.703 56391.72926191 51.87 303.794510 -28.770534   -100 -100.00 -100.00 -100.00
 176    50.978 56401.64490375 41.99 303.793891 -28.776526   -100 -100.00 -100.00 -100.00
 176    51.171 56401.64490434 42.85 303.795113 -28.774106   -100 -100.00 -100.00 -100.00
 176    50.997 56401.64490493 44.97 303.796334 -28.771685   -100 -100.00 -100.00 -100.00
 176    51.070 56401.64490552 47.69 303.797555 -28.769265   -100 -100.00 -100.00 -100.00
 177    48.796 56411.56054502 36.85 303.798851 -28.773420   -100 -100.00 -100.00 -100.00
 177    48.843 56411.56054562 37.82 303.800072 -28.771000   -100 -100.00 -100.00 -100.00
 177    53.294 56411.56054621 35.65 303.801294 -28.768579 30.236 -100.00 -100.00 -100.00
 178    55.036 56421.47618025 25.63 303.802080 -28.774261 11.553 -100.00 -100.00 -100.00
 178    54.700 56421.47618084 25.31 303.803302 -28.771841 12.035 -100.00 -100.00 -100.00
 178    53.275 56421.47618143 25.49 303.804523 -28.769420 11.318 -100.00 -100.00 -100.00
 178    53.362 56421.47618202 29.74 303.805744 -28.767000 21.073 -100.00 -100.00 -100.00
 178    53.484 56421.47618261 32.27 303.806965 -28.764579 24.209 -100.00 -100.00 -100.00
 179    54.580 56431.39181907 37.63 303.801844 -28.775641 14.674 -100.00 -100.00 -100.00
 179    49.390 56431.39181966 39.67 303.803065 -28.773220 31.177 -100.00 -100.00 -100.00
 179    49.364 56431.39182025 45.93 303.804287 -28.770800 20.931 -100.00 -100.00 -100.00
 179    49.476 56431.39182084 54.46 303.805508 -28.768380 18.268 -100.00 -100.00 -100.00
 179    49.532 56431.39182143 48.78 303.806729 -28.765960   -100 -100.00 -100.00 -100.00
 180    49.533 56441.30747091 37.76 303.796856 -28.775454 22.318 -100.00 -100.00 -100.00
 180    49.319 56441.30747150 41.80 303.798078 -28.773034 22.734 -100.00 -100.00 -100.00
 180    48.550 56441.30747209 53.13 303.799299 -28.770614 25.270 -100.00 -100.00 -100.00
 180    48.561 56441.30747268 53.18 303.800520 -28.768194 26.577 -100.00 -100.00 -100.00
 181    49.490 56451.22312033 38.89 303.794135 -28.775147   -100 -100.00 -100.00 -100.00
 181    50.027 56451.22312092 50.77 303.795357 -28.772727   -100 -100.00 -100.00 -100.00
 181    49.797 56451.22312151 56.00 303.796578 -28.770306   -100 -100.00 -100.00 -100.00
 182    49.691 56461.13876766 39.77 303.793840 -28.774973 18.184 -100.00 -100.00 -100.00
 182    49.082 56461.13876825 47.11 303.795061 -28.772553   -100 -100.00 -100.00 -100.00
 182    48.888 56461.13876884 50.95 303.796283 -28.770133  2.289 -100.00 -100.00 -100.00
 183    51.960 56471.05441146 39.88 303.793421 -28.776162 19.804 -100.00 -100.00 -100.00
 183    51.892 56471.05441205 43.85 303.794642 -28.773742 23.963 -100.00 -100.00 -100.00
 183    51.297 56471.05441264 50.28 303.795863 -28.771322   -100 -100.00 -100.00 -100.00
 183    51.267 56471.05441323 53.84 303.797085 -28.768901   -100 -100.00 -100.00 -100.00
 184    66.765 56480.97005205 31.57 303.793999 -28.776339  9.758 -100.00 -100.00 -100.00
 184    55.223 56480.97005264 31.76 303.795220 -28.773919  9.999 -100.00 -100.00 -100.00
 184    53.790 56480.97005323 34.63 303.796442 -28.771499 15.471 -100.00 -100.00 -100.00
 184    53.722 56480.97005382 34.83 303.797663 -28.769078 16.084 -100.00 -100.00 -100.00
 185    50.679 56490.88568924 39.60 303.795290 -28.775644 16.308 -100.00 -100.00 -100.00
 185    49.953 56490.88568983 43.73 303.796512 -28.773224 29.342 -100.00 -100.00 -100.00
 185    49.697 56490.88569042 49.15 303.797733 -28.770804   -100 -100.00 -100.00 -100.00
 185    49.438 56490.88569101 52.24 303.798954 -28.768383 28.141 -100.00 -100.00 -100.00
 187    54.925 56510.71695830 24.80 303.802526 -28.774443 12.180 -100.00 -100.00 -100.00
 187    54.799 56510.71695889 26.18 303.803747 -28.772023 15.502 -100.00 -100.00 -100.00
 187    53.223 56510.71695948 28.92 303.804968 -28.769603 22.492 -100.00 -100.00 -100.00
 187    53.383 56510.71696007 29.70 303.806189 -28.767183 22.966 -100.00 -100.00 -100.00
 187    53.111 56510.71696066 32.38 303.807410 -28.764763 28.429 -100.00 -100.00 -100.00
 188    53.019 56520.63260239 40.60 303.803299 -28.775542 24.907 -100.00 -100.00 -100.00
 188    52.908 56520.63260298 42.77 303.804520 -28.773122 31.086 -100.00 -100.00 -100.00
 188    52.622 56520.63260357 48.82 303.805741 -28.770702   -100 -100.00 -100.00 -100.00
 188    52.626 56520.63260416 50.84 303.806962 -28.768282  4.256 -100.00 -100.00 -100.00
 188    52.644 56520.63260475 51.92 303.808183 -28.765862   -100 -100.00 -100.00 -100.00
 188    52.319 56520.63260535 53.32 303.809404 -28.763442   -100 -100.00 -100.00 -100.00
 189    54.875 56530.54825618 26.76 303.801902 -28.773645  8.822 -100.00 -100.00 -100.00
 189    53.291 56530.54825677 27.96 303.803123 -28.771225 12.071 -100.00 -100.00 -100.00
 189    53.377 56530.54825736 31.05 303.804345 -28.768806 19.479 -100.00 -100.00 -100.00
 189    53.607 56530.54825795 31.31 303.805566 -28.766385 16.672 -100.00 -100.00 -100.00
 191    55.038 56550.37954993 21.96 303.796525 -28.775610  8.533 -100.00 -100.00 -100.00
 191    54.597 56550.37955052 23.37 303.797746 -28.773190 11.301 -100.00 -100.00 -100.00
 191    54.121 56550.37955111 22.23 303.798967 -28.770771  8.535 -100.00 -100.00 -100.00
 191    53.470 56550.37955170 29.50 303.800189 -28.768351 26.846 -100.00 -100.00 -100.00
 192    54.159 56560.29519275 34.68 303.795841 -28.774141   -100 -100.00 -100.00 -100.00
 192    54.231 56560.29519334 32.04 303.797062 -28.771721 22.436 -100.00 -100.00 -100.00
 192    53.924 56560.29519393 33.68 303.798283 -28.769301 27.035 -100.00 -100.00 -100.00
 193    51.505 56570.21083383 32.89 303.795616 -28.775919 25.629 -100.00 -100.00 -100.00
 193    51.019 56570.21083442 30.67 303.796837 -28.773499 31.023 -100.00 -100.00 -100.00
 193    53.321 56570.21083501 25.63 303.798058 -28.771080 14.661 -100.00 -100.00 -100.00
 193    53.542 56570.21083560 28.55 303.799279 -28.768660 16.842 -100.00 -100.00 -100.00
 194    50.091 56580.12647465 37.12 303.799235 -28.774576 21.651 -100.00 -100.00 -100.00
 194    50.222 56580.12647525 42.00 303.800456 -28.772156 20.166 -100.00 -100.00 -100.00
 194    49.771 56580.12647584 47.76 303.801677 -28.769736   -100 -100.00 -100.00 -100.00
 194    49.490 56580.12647643 52.96 303.802898 -28.767316   -100 -100.00 -100.00 -100.00
 195    51.570 56590.04211157 36.36 303.804355 -28.773902 18.596 -100.00 -100.00 -100.00
 195    62.923 56590.04211216 33.46 303.805576 -28.771481 10.822 -100.00 -100.00 -100.00
 195    61.857 56590.04211275 33.09 303.806797 -28.769061  9.158 -100.00 -100.00 -100.00
 195    55.067 56590.04211334 33.91 303.808018 -28.766641 12.005 -100.00 -100.00 -100.00
 195    54.773 56590.04211393 36.55 303.809238 -28.764221 14.566 -100.00 -100.00 -100.00
 196    64.805 56599.95775753 29.39 303.803293 -28.775408  7.572 -100.00 -100.00 -100.00
 196    64.351 56599.95775812 28.88 303.804514 -28.772988  6.105 -100.00 -100.00 -100.00
 196    53.249 56599.95775871 33.90 303.805735 -28.770568 17.517 -100.00 -100.00 -100.00
 196    63.333 56599.95775930 32.30 303.806956 -28.768148 11.601 -100.00 -100.00 -100.00
 196    53.823 56599.95775989 33.89 303.808177 -28.765728 13.375 -100.00 -100.00 -100.00
 196    54.169 56599.95776048 36.09 303.809398 -28.763308 19.086 -100.00 -100.00 -100.00
 197    48.896 56609.87340800 36.03 303.799105 -28.775484   -100 -100.00 -100.00 -100.00
 197    48.865 56609.87340859 35.95 303.800326 -28.773064 32.428 -100.00 -100.00 -100.00
 197    49.179 56609.87340918 37.54 303.801547 -28.770644   -100 -100.00 -100.00 -100.00
 197    48.845 56609.87340978 38.80 303.802768 -28.768223   -100 -100.00 -100.00 -100.00
 198    50.576 56619.78905434 39.94 303.797200 -28.774384 25.551 -100.00 -100.00 -100.00
 198    50.372 56619.78905493 44.91 303.798421 -28.771964   -100 -100.00 -100.00 -100.00
 198    50.093 56619.78905552 50.33 303.799642 -28.769544   -100 -100.00 -100.00 -100.00
 199    49.738 56629.70469760 38.98 303.796709 -28.774292   -100 -100.00 -100.00 -100.00
 199    50.081 56629.70469819 46.07 303.797930 -28.771872   -100 -100.00 -100.00 -100.00
 199    49.706 56629.70469878 54.06 303.799151 -28.769452 15.151 -100.00 -100.00 -100.00
 200    50.676 56639.62033757 39.85 303.798246 -28.774679 25.486 -100.00 -100.00 -100.00
 200    50.495 56639.62033816 45.02 303.799468 -28.772258   -100 -100.00 -100.00 -100.00
 200    50.169 56639.62033875 49.18 303.800689 -28.769838 15.191 -100.00 -100.00 -100.00
 200    50.100 56639.62033934 51.33 303.801910 -28.767418 24.503 -100.00 -100.00 -100.00
 201    64.137 56649.53598357 28.92 303.797647 -28.775468 13.007 -100.00 -100.00 -100.00
 201    49.310 56649.53598416 33.28 303.798869 -28.773048 22.336 -100.00 -100.00 -100.00
 201    49.486 56649.53598475 35.91 303.800090 -28.770628 27.393 -100.00 -100.00 -100.00
 201    52.992 56649.53598534 36.14 303.801311 -28.768208   -100 -100.00 -100.00 -100.00
 202    48.413 56659.45163496 36.55 303.794279 -28.775112   -100 -100.00 -100.00 -100.00
 202    48.494 56659.45163555 36.21 303.795500 -28.772692 29.336 -100.00 -100.00 -100.00
 202    48.793 56659.45163614 37.85 303.796722 -28.770271 29.817 -100.00 -100.00 -100.00
 203    50.563 56669.36728185 40.62 303.790978 -28.776664 26.769 -100.00 -100.00 -100.00
 203    50.538 56669.36728244 42.77 303.792199 -28.774243 24.710 -100.00 -100.00 -100.00
 203    49.980 56669.36728303 48.02 303.793421 -28.771823  3.668 -100.00 -100.00 -100.00
 203    49.938 56669.36728362 50.66 303.794642 -28.769403 10.292 -100.00 -100.00 -100.00
 205    65.203 56689.19857017 29.33 303.792945 -28.776258 12.061 -100.00 -100.00 -100.00
 205    65.137 56689.19857076 26.90 303.794166 -28.773838  9.378 -100.00 -100.00 -100.00
 205    61.845 56689.19857135 26.00 303.795387 -28.771418  9.484 -100.00 -100.00 -100.00
 205    63.670 56689.19857194 23.94 303.796608 -28.768998  6.585 -100.00 -100.00 -100.00
 206    48.783 56699.11421137 37.12 303.796767 -28.774070   -100 -100.00 -100.00 -100.00
 206    49.903 56699.11421196 38.85 303.797988 -28.771650 16.591 -100.00 -100.00 -100.00
 206    49.806 56699.11421255 38.94 303.799209 -28.769230 18.559 -100.00 -100.00 -100.00
 207    47.538 56709.02984753 36.29 303.799837 -28.773666   -100 -100.00 -100.00 -100.00
 207    48.434 56709.02984812 40.72 303.801058 -28.771246 23.423 -100.00 -100.00 -100.00
 207    47.870 56709.02984871 51.05 303.802280 -28.768825   -100 -100.00 -100.00 -100.00
 207    47.606 56709.02984930 50.41 303.803501 -28.766405   -100 -100.00 -100.00 -100.00
 208    49.182 56718.94548711 38.64 303.800033 -28.773307 23.977 -100.00 -100.00 -100.00
 208    49.031 56718.94548770 39.90 303.801255 -28.770887 31.385 -100.00 -100.00 -100.00
 208    48.817 56718.94548830 45.97 303.802476 -28.768466   -100 -100.00 -100.00 -100.00
 208    48.546 56718.94548889 40.90 303.803697 -28.766046   -100 -100.00 -100.00 -100.00
 209    48.632 56728.86113867 34.15 303.794159 -28.776117 25.861 -100.00 -100.00 -100.00
 209    48.906 56728.86113926 31.95 303.795381 -28.773697 22.092 -100.00 -100.00 -100.00
 209    49.165 56728.86113985 37.31 303.796602 -28.771276 18.810 -100.00 -100.00 -100.00
 209    48.156 56728.86114044 37.71 303.797824 -28.768856   -100 -100.00 -100.00 -100.00
 211    50.080 56748.69243248 37.00 303.792863 -28.775485 28.264 -100.00 -100.00 -100.00
 211    49.777 56748.69243307 34.02 303.794084 -28.773065 27.179 -100.00 -100.00 -100.00
 211    49.707 56748.69243366 37.70 303.795305 -28.770644   -100 -100.00 -100.00 -100.00
 212    49.079 56758.60807313 33.26 303.796317 -28.774728 26.416 -100.00 -100.00 -100.00
 212    49.274 56758.60807372 34.87 303.797538 -28.772307 29.890 -100.00 -100.00 -100.00
 212    61.750 56758.60807431 26.76 303.798759 -28.769887  8.333 -100.00 -100.00 -100.00
 213    49.675 56768.52370744 35.14 303.800649 -28.774944 22.003 -100.00 -100.00 -100.00
 213    49.813 56768.52370803 36.96 303.801870 -28.772523 22.604 -100.00 -100.00 -100.00
 213    49.828 56768.52370862 37.95 303.803092 -28.770103 27.935 -100.00 -100.00 -100.00
 213    50.044 56768.52370921 40.71 303.804313 -28.767682 30.251 -100.00 -100.00 -100.00
 213    53.596 56768.52370980 37.16 303.805534 -28.765262 22.275 -100.00 -100.00 -100.00
 214    63.297 56778.43935482 24.58 303.799592 -28.773625  8.946 -100.00 -100.00 -100.00
 214    65.103 56778.43935541 24.80 303.800814 -28.771205  8.854 -100.00 -100.00 -100.00
 214    53.592 56778.43935600 28.28 303.802035 -28.768784 13.521 -100.00 -100.00 -100.00
 214    53.496 56778.43935659 32.46 303.803256 -28.766364 28.437 -100.00 -100.00 -100.00
 215    50.519 56788.35500945 40.05 303.794060 -28.774899 32.304 -100.00 -100.00 -100.00
 215    50.552 56788.35501004 51.93 303.795281 -28.772478   -100 -100.00 -100.00 -100.00
 215    50.305 56788.35501064 57.46 303.796502 -28.770058   -100 -100.00 -100.00 -100.00
 216    59.520 56798.27066034 23.07 303.789159 -28.776919 11.110 -100.00 -100.00 -100.00
 216    54.434 56798.27066093 25.06 303.790380 -28.774499 13.779 -100.00 -100.00 -100.00
 216    53.777 56798.27066152 29.76 303.791601 -28.772079 25.974 -100.00 -100.00 -100.00
 216    53.970 56798.27066211 31.27 303.792822 -28.769659 25.911 -100.00 -100.00 -100.00
 217    55.269 56808.18630641 35.11 303.788895 -28.775883 11.694 -100.00 -100.00 -100.00
 217    54.979 56808.18630700 34.90 303.790116 -28.773462 10.920 -100.00 -100.00 -100.00
 217    54.392 56808.18630759 37.33 303.791338 -28.771042 16.332 -100.00 -100.00 -100.00
 219    52.200 56828.01758363 39.94 303.793434 -28.775537 20.529 -100.00 -100.00 -100.00
 219    51.707 56828.01758422 45.25 303.794655 -28.773117 30.251 -100.00 -100.00 -100.00
 219    51.311 56828.01758481 56.20 303.795876 -28.770696 12.134 -100.00 -100.00 -100.00
 220    58.522 56837.93321763 31.05 303.796605 -28.774723 14.222 -100.00 -100.00 -100.00
 220    58.343 56837.93321822 32.43 303.797826 -28.772303 18.761 -100.00 -100.00 -100.00
 220    58.344 56837.93321881 31.10 303.799048 -28.769883 13.508 -100.00 -100.00 -100.00
 220    58.273 56837.93321940 32.44 303.800269 -28.767462 17.336 -100.00 -100.00 -100.00
 221    55.877 56847.84884916 44.63 303.800721 -28.773971  2.633 -100.00 -100.00 -100.00
 221    55.899 56847.84884975 40.58 303.801942 -28.771551   -100 -100.00 -100.00 -100.00
 221    55.656 56847.84885034 38.90 303.803164 -28.769130   -100 -100.00 -100.00 -100.00
 221    55.863 56847.84885093 35.64 303.804385 -28.766710 28.358 -100.00 -100.00 -100.00
 222    50.953 56857.76450181 40.09 303.797964 -28.774399 27.855 -100.00 -100.00 -100.00
 222    51.094 56857.76450240 40.68 303.799185 -28.771979   -100 -100.00 -100.00 -100.00
 222    50.967 56857.76450299 37.66 303.800406 -28.769559 22.988 -100.00 -100.00 -100.00
 222    55.327 56857.76450358 38.01 303.801628 -28.767139 23.543 -100.00 -100.00 -100.00
 223    54.976 56867.68015521 27.72 303.796605 -28.774828 10.871 -100.00 -100.00 -100.00
 223    53.497 56867.68015580 29.58 303.797827 -28.772407 16.043 -100.00 -100.00 -100.00
 223    53.445 56867.68015639 29.65 303.799048 -28.769987 15.184 -100.00 -100.00 -100.00
 223    55.304 56867.68015698 33.15 303.800269 -28.767567 20.597 -100.00 -100.00 -100.00
 224    54.879 56877.59580695 25.73 303.795466 -28.774806 10.635 -100.00 -100.00 -100.00
 224    53.511 56877.59580754 26.81 303.796687 -28.772386 11.973 -100.00 -100.00 -100.00
 224    53.665 56877.59580813 28.87 303.797908 -28.769966 16.570 -100.00 -100.00 -100.00
 225    49.993 56887.51145509 40.85 303.792901 -28.776062 25.421 -100.00 -100.00 -100.00
 225    49.880 56887.51145568 42.85 303.794122 -28.773642   -100 -100.00 -100.00 -100.00
 225    49.821 56887.51145627 48.05 303.795343 -28.771222   -100 -100.00 -100.00 -100.00
 225    49.392 56887.51145686 49.51 303.796564 -28.768802 24.402 -100.00 -100.00 -100.00
 226    48.423 56897.42710063 37.37 303.790567 -28.775963 32.278 -100.00 -100.00 -100.00
 226    48.760 56897.42710122 44.03 303.791788 -28.773543   -100 -100.00 -100.00 -100.00
 226    48.665 56897.42710181 50.52 303.793009 -28.771123 14.407 -100.00 -100.00 -100.00
 227    52.653 56907.34274319 46.27 303.789053 -28.776478 31.974 -100.00 -100.00 -100.00
 227    52.578 56907.34274378 47.24 303.790274 -28.774058   -100 -100.00 -100.00 -100.00
 227    52.397 56907.34274437 52.51 303.791496 -28.771638   -100 -100.00 -100.00 -100.00
 228    50.460 56917.25838376 38.16 303.789984 -28.777085   -100 -100.00 -100.00 -100.00
 228    51.201 56917.25838436 43.08 303.791205 -28.774665 27.364 -100.00 -100.00 -100.00
 228    50.905 56917.25838495 54.09 303.792426 -28.772245   -100 -100.00 -100.00 -100.00
 228    50.527 56917.25838554 52.56 303.793647 -28.769825   -100 -100.00 -100.00 -100.00
 229    50.876 56927.17402321 37.23 303.794815 -28.775202 23.595 -100.00 -100.00 -100.00
 229    50.004 56927.17402380 41.18 303.796036 -28.772782  6.928 -100.00 -100.00 -100.00
 229    50.228 56927.17402439 39.31 303.797256 -28.770362   -100 -100.00 -100.00 -100.00
 230    57.663 56937.08965875 51.15 303.799822 -28.775041 11.626 -100.00 -100.00 -100.00
 230    57.466 56937.08965934 56.82 303.801043 -28.772621   -100 -100.00 -100.00 -100.00
 230    57.740 56937.08965993 52.03 303.802264 -28.770201  0.967 -100.00 -100.00 -100.00
 230    57.715 56937.08966052 54.49 303.803485 -28.767781  6.300 -100.00 -100.00 -100.00
 231    52.793 56947.00528954 28.76 303.804670 -28.775604 19.121 -100.00 -100.00 -100.00
 231    52.953 56947.00529013 32.85 303.805891 -28.773184 28.359 -100.00 -100.00 -100.00
 231    54.259 56947.00529072 29.37 303.807112 -28.770763 15.360 -100.00 -100.00 -100.00
 231    53.376 56947.00529131 29.33 303.808333 -28.768343 17.246 -100.00 -100.00 -100.00
 231    53.314 56947.00529190 32.31 303.809554 -28.765923 27.002 -100.00 -100.00 -100.00
 231    53.516 56947.00529249 33.92 303.810774 -28.763503 23.226 -100.00 -100.00 -100.00
 232    51.019 56956.92094393 41.09 303.801102 -28.773393 28.777 -100.00 -100.00 -100.00
 232    51.063 56956.92094452 47.21 303.802323 -28.770973   -100 -100.00 -100.00 -100.00
 232    51.031 56956.92094511 54.95 303.803544 -28.768553   -100 -100.00 -100.00 -100.00
 232    50.903 56956.92094570 53.57 303.804765 -28.766132   -100 -100.00 -100.00 -100.00
 233    50.691 56966.83659236 32.87 303.796741 -28.774475 32.487 -100.00 -100.00 -100.00
 233    51.553 56966.83659295 35.28 303.797962 -28.772055 21.468 -100.00 -100.00 -100.00
 233    50.871 56966.83659354 38.18 303.799184 -28.769635   -100 -100.00 -100.00 -100.00
 234    50.473 56976.75223715 39.05 303.795326 -28.775318 27.369 -100.00 -100.00 -100.00
 234    50.728 56976.75223774 43.94 303.796547 -28.772898 27.648 -100.00 -100.00 -100.00
 234    50.242 56976.75223833 51.69 303.797768 -28.770477  7.909 -100.00 -100.00 -100.00
 234    50.012 56976.75223892 47.66 303.798989 -28.768057 18.274 -100.00 -100.00 -100.00
 235    49.785 56986.66787794 32.68 303.797007 -28.775432 30.030 -100.00 -100.00 -100.00
 235    49.479 56986.66787853 33.69 303.798228 -28.773012   -100 -100.00 -100.00 -100.00
 235    53.495 56986.66787912 27.15 303.799449 -28.770592 18.211 -100.00 -100.00 -100.00
 235    53.466 56986.66787971 31.17 303.800670 -28.768172 29.294 -100.00 -100.00 -100.00
 236    55.041 56996.58351351 26.12 303.801703 -28.773826 10.735 -100.00 -100.00 -100.00
 236    54.459 56996.58351410 26.11 303.802925 -28.771406 10.429 -100.00 -100.00 -100.00
 236    53.456 56996.58351469 25.70 303.804146 -28.768986  9.976 -100.00 -100.00 -100.00
 236    53.480 56996.58351528 28.13 303.805367 -28.766566 14.725 -100.00 -100.00 -100.00
 237    55.201 57006.49915862 26.28 303.800421 -28.775149 11.782 -100.00 -100.00 -100.00
 237    56.845 57006.49915921 25.11 303.801642 -28.772729  9.749 -100.00 -100.00 -100.00
 237    55.436 57006.49915980 27.54 303.802864 -28.770309 14.961 -100.00 -100.00 -100.00
 237    58.961 57006.49916039 24.80 303.804085 -28.767889  9.024 -100.00 -100.00 -100.00
 237    57.017 57006.49916098 27.49 303.805306 -28.765469 13.858 -100.00 -100.00 -100.00
 238    51.102 57016.41481282 37.93 303.795405 -28.775305 13.452 -100.00 -100.00 -100.00
 238    50.001 57016.41481341 41.99 303.796626 -28.772885 29.192 -100.00 -100.00 -100.00
 238    49.515 57016.41481400 53.26 303.797847 -28.770465 13.672 -100.00 -100.00 -100.00
 238    49.488 57016.41481459 52.14 303.799069 -28.768045  1.719 -100.00 -100.00 -100.00
 239    56.133 57026.33046270 52.35 303.791402 -28.776984 22.702 -100.00 -100.00 -100.00
 239    56.258 57026.33046329 50.64 303.792623 -28.774564   -100 -100.00 -100.00 -100.00
 239    56.351 57026.33046388 52.59 303.793845 -28.772144   -100 -100.00 -100.00 -100.00
 239    56.424 57026.33046447 54.14 303.795066 -28.769724   -100 -100.00 -100.00 -100.00
 240    56.127 57036.24611124 28.71 303.791589 -28.776290  9.670 -100.00 -100.00 -100.00
 240    55.881 57036.24611183 30.45 303.792811 -28.773870 12.160 -100.00 -100.00 -100.00
 240    54.426 57036.24611242 33.14 303.794032 -28.771450 21.738 -100.00 -100.00 -100.00
 240    54.455 57036.24611301 34.39 303.795253 -28.769030 22.993 -100.00 -100.00 -100.00
 241    52.822 57046.16175745 42.02 303.794291 -28.774906 23.464 -100.00 -100.00 -100.00
 241    52.491 57046.16175804 47.14 303.795513 -28.772486   -100 -100.00 -100.00 -100.00
 241    52.435 57046.16175863 52.57 303.796734 -28.770066   -100 -100.00 -100.00 -100.00
 242    51.288 57056.07740014 40.10 303.797027 -28.774327 17.519 -100.00 -100.00 -100.00
 242    51.011 57056.07740073 44.99 303.798248 -28.771907 27.615 -100.00 -100.00 -100.00
 242    50.453 57056.07740132 55.54 303.799470 -28.769486  7.510 -100.00 -100.00 -100.00
 243    50.355 57065.99303729 39.02 303.798141 -28.774968 20.825 -100.00 -100.00 -100.00
 243    49.698 57065.99303788 43.30 303.799362 -28.772548   -100 -100.00 -100.00 -100.00
 243    49.862 57065.99303847 49.50 303.800584 -28.770127   -100 -100.00 -100.00 -100.00
 243    49.830 57065.99303906 50.21 303.801805 -28.767707   -100 -100.00 -100.00 -100.00
 244    55.524 57075.90867034 28.60 303.799434 -28.774887 15.691 -100.00 -100.00 -100.00
 244    55.584 57075.90867093 25.72 303.800656 -28.772467  9.537 -100.00 -100.00 -100.00
 244    55.041 57075.90867152 25.74 303.801877 -28.770046 11.387 -100.00 -100.00 -100.00
 244    54.825 57075.90867211 25.02 303.803098 -28.767626  9.926 -100.00 -100.00 -100.00
 245    50.621 57085.82430090 37.34 303.803125 -28.774071 28.269 -100.00 -100.00 -100.00
 245    50.397 57085.82430149 40.97 303.804346 -28.771651   -100 -100.00 -100.00 -100.00
 245    50.272 57085.82430208 41.05 303.805568 -28.769230   -100 -100.00 -100.00 -100.00
 245    50.578 57085.82430267 45.32 303.806789 -28.766810   -100 -100.00 -100.00 -100.00
 245    50.402 57085.82430326 44.14 303.808011 -28.764389   -100 -100.00 -100.00 -100.00
 246    50.141 57095.73995812 42.23 303.800055 -28.773517 19.226 -100.00 -100.00 -100.00
 246    49.388 57095.73995871 45.21 303.801276 -28.771097   -100 -100.00 -100.00 -100.00
 246    49.441 57095.73995930 50.68 303.802498 -28.768676   -100 -100.00 -100.00 -100.00
 246    49.139 57095.73995989 51.64 303.803719 -28.766256 25.632 -100.00 -100.00 -100.00
 247    48.662 57105.65561442 36.40 303.797621 -28.774120 17.475 -100.00 -100.00 -100.00
 247    48.373 57105.65561501 49.26 303.798842 -28.771700 21.803 -100.00 -100.00 -100.00
 247    48.669 57105.65561560 49.32 303.800063 -28.769279  8.104 -100.00 -100.00 -100.00
 248    54.297 57115.57126590 34.28 303.796319 -28.775739 24.749 -100.00 -100.00 -100.00
 248    48.155 57115.57126649 33.25 303.797540 -28.773318   -100 -100.00 -100.00 -100.00
 248    48.080 57115.57126708 33.47 303.798762 -28.770898   -100 -100.00 -100.00 -100.00
 248    52.727 57115.57126768 34.15 303.799983 -28.768477   -100 -100.00 -100.00 -100.00
 249    61.756 57125.48691177 24.14 303.796467 -28.773988 11.745 -100.00 -100.00 -100.00
 249    49.017 57125.48691236 31.25 303.797688 -28.771568 24.949 -100.00 -100.00 -100.00
 249    53.089 57125.48691295 28.79 303.798910 -28.769147 22.822 -100.00 -100.00 -100.00
 250    50.471 57135.40255112 41.04 303.794676 -28.775842 28.944 -100.00 -100.00 -100.00
 250    50.229 57135.40255171 43.86 303.795898 -28.773422   -100 -100.00 -100.00 -100.00
 250    50.069 57135.40255230 48.51 303.797119 -28.771002  7.437 -100.00 -100.00 -100.00
 250    49.898 57135.40255289 44.95 303.798340 -28.768581 21.401 -100.00 -100.00 -100.00
