#    0.000   0.000   0.000 ;Mean Elev.(m), Avg Gradient(m/km), RMS Gradient(m/km) - SRTM1     
#    0.000   0.000   0.000 ;Mean Elev.(m), Avg Gradient(m/km), RMS Gradient(m/km) - ASTER GDEM
#    0.399  -0.888   4.189 ;Mean Elev.(m), Avg Gradient(m/km), RMS Gradient(m/km) - GMTED2010 
   1 301.813276 -32.519527     2.128     1.506  6 54666.40649537 26.247
   2 301.812932 -32.519480     3.083     3.389  5 54676.32213943 27.146
   3 301.813637 -32.520894     2.966     3.148  6 54686.23778180 30.196
   4 301.814432 -32.525103     3.763     4.019  6 54696.15342206 26.407
   5 301.816382 -32.525980     5.243     5.159  3 54706.06906127 15.997
   6 301.814498 -32.522035     3.097     3.177  6 54715.98471401 29.677
   7 301.812255 -32.517715     2.317     1.557  5 54725.90036455 29.353
   8 301.810953 -32.512347     1.755     1.571  6 54735.81601388 33.129
   9 301.809873 -32.510689     1.366     1.483  6 54745.73166191 29.485
  10 301.809998 -32.510401     2.707     2.689  6 54755.64730934 30.565
  11 301.810104 -32.511617     3.441     3.439  6 54765.56295505 33.443
  12 301.810241 -32.511460     5.478     5.348  5 54775.47859800 49.763
  13 301.809697 -32.511572     4.512     4.529  5 54785.39423820 33.064
  14 301.810524 -32.511722     1.911     1.938  5 54795.30987682 54.752
  17 301.814324 -32.520620     1.334     1.284  6 54825.05679657 44.421
  18 301.812317 -32.517166     1.302     1.157  6 54834.97243693 30.812
  19 301.810768 -32.512738     2.252     2.214  6 54844.88808780 24.774
  20 301.809602 -32.511230     1.141     1.173  5 54854.80373755 43.833
  21 301.809759 -32.510894     1.544     1.560  5 54864.71938710 30.177
  22 301.810177 -32.510251     1.698     1.430  5 54874.63503634 32.614
  23 301.809953 -32.510275     3.474     3.507  5 54884.55068261 18.947
  24 301.808889 -32.508875     2.348     2.365  5 54894.46632541 28.820
  25 301.808543 -32.505524     1.363     0.993  5 54904.38196574 31.273
  26 301.808418 -32.505716     1.220     1.221  4 54914.29760387 53.237
  27 301.809241 -32.508201     1.164     1.148  4 54924.21324098 30.485
  28 301.810701 -32.512797     1.206     1.203  6 54934.12887697 49.249
  29 301.812276 -32.518000     0.776     0.759  6 54944.04451094 52.261
  30 301.813708 -32.521527     0.814     0.682  6 54953.96014314 31.934
  31 301.812875 -32.518477     2.355     1.823  6 54963.87578853 24.660
  32 301.811719 -32.515507     1.368     0.575  5 54973.79143733 29.221
  33 301.811864 -32.515014     1.797     0.840  5 54983.70708520 26.676
  34 301.812283 -32.517085     2.081     1.250  5 54993.62273235 23.816
  35 301.812315 -32.517511     2.949     2.816  5 55003.53837863 25.575
  36 301.811883 -32.515762     2.460     2.843  5 55013.45402306 32.839
  37 301.811416 -32.513952     2.500     2.800  6 55023.36966596 30.042
  38 301.811751 -32.513573     3.284     3.217  6 55033.28530776 29.656
  39 301.812247 -32.516783     4.009     3.746  5 55043.20094818 30.001
  40 301.813227 -32.522134     1.943     1.923  6 55053.11658667 50.980
  41 301.814222 -32.524344     5.602     5.779  6 55063.03222369 28.352
  42 301.813236 -32.520781     1.973     1.890  5 55072.94786882 34.837
  43 301.811414 -32.514787     4.116     4.214  6 55082.86351817 31.230
  44 301.810595 -32.510306     3.719     3.404  5 55092.77916610 33.496
  45 301.809955 -32.510101     4.042     4.043  6 55102.69481306 37.205
  46 301.810280 -32.510799     3.360     3.397  5 55112.61045962 33.685
  47 301.810340 -32.512484     3.757     3.503  5 55122.52610359 31.723
  48 301.810375 -32.512807     2.969     2.543  5 55132.44174483 31.192
  49 301.810360 -32.511653     3.396     2.677  5 55142.35738412 24.904
  50 301.810704 -32.511622     4.053     3.991  5 55152.27302241 55.597
  51 301.811568 -32.515076     7.536     7.535  5 55162.18866029 51.845
  52 301.812967 -32.520250     7.690     7.669  5 55172.10429757 32.255
  53 301.814983 -32.523829     5.866     5.888  6 55182.01993369 34.078
  54 301.813462 -32.520511     6.122     6.314  6 55191.93558481 32.074
  55 301.811827 -32.515414     4.384     4.158  5 55201.85123624 30.601
  56 301.810345 -32.512985     4.771     4.567  6 55211.76688670 37.071
  57 301.810181 -32.512262     4.190     3.830  5 55221.68253646 31.963
  58 301.810047 -32.511488     5.544     5.846  6 55231.59818500 31.918
  59 301.809768 -32.511319     4.359     4.651  5 55241.51383002 29.951
  60 301.809260 -32.508784     4.980     4.985  5 55251.42947174 45.270
  61 301.808465 -32.506792     2.623     2.579  4 55261.34511075 55.197
  62 301.808672 -32.507750     2.412     2.417  5 55271.26074808 34.725
  63 301.809660 -32.511356     3.486     3.751  5 55281.17638484 29.459
  64 301.811268 -32.515735     4.043     4.134  6 55291.09202034 29.866
  65 301.812590 -32.520505     4.914     5.526  6 55301.00765348 44.462
  66 301.812288 -32.517535     3.401     3.111  5 55310.92330055 30.548
  67 301.811416 -32.514744     3.606     3.166  5 55320.83894643 32.915
  68 301.810675 -32.513451     3.503     3.627  5 55330.75459110 29.919
  69 301.811441 -32.512783     3.080     2.696  6 55340.67023566 36.064
  70 301.811337 -32.516185     3.964     4.076  6 55350.58587908 39.487
  71 301.812017 -32.518193     1.926     1.888  5 55360.50152062 40.856
  72 301.812139 -32.518867     3.797     4.018  6 55370.41715997 26.757
  73 301.812942 -32.518547     3.764     3.970  6 55380.33279793 28.204
  74 301.813468 -32.520529     3.157     3.305  6 55390.24843457 28.138
  75 301.814763 -32.523824     3.512     3.006  6 55400.16406999 49.067
  76 301.814795 -32.523407     4.890     4.870  6 55410.07971731 33.489
  77 301.813714 -32.519649     2.983     3.045  6 55419.99536785 54.530
  78 301.811799 -32.516047     2.232     1.655  6 55429.91101533 42.697
  79 301.810623 -32.512587     2.076     2.075  6 55439.82666064 41.401
  80 301.809977 -32.512276     4.065     3.844  5 55449.74230420 27.360
  81 301.810830 -32.512738     2.208     2.275  5 55459.65794734 54.035
  82 301.811557 -32.514128     4.102     4.179  6 55469.57358939 30.926
  83 301.811544 -32.516604     3.133     3.554  5 55479.48922795 31.333
  84 301.812215 -32.517826     1.590     1.651  6 55489.40486390 48.790
  85 301.812828 -32.520231     1.917     1.238  6 55499.32049719 34.339
  86 301.813208 -32.520677     3.783     3.907  6 55509.23613726 24.097
  87 301.812544 -32.518890     0.961     0.990  6 55519.15178751 33.465
  88 301.812447 -32.517971     3.502     3.682  6 55529.06743676 26.368
  89 301.811878 -32.517651     1.999     1.217  5 55538.98308420 30.477
  90 301.811597 -32.516308     2.975     2.537  6 55548.89872988 29.329
  91 301.811413 -32.514074     3.032     3.468  5 55558.81437420 26.238
  92 301.811323 -32.514055     1.192     1.096  6 55568.73001734 48.671
  93 301.811190 -32.516144     1.489     1.417  5 55578.64565913 24.132
  94 301.811929 -32.516621     1.286     1.277  6 55588.56129891 34.163
  95 301.812417 -32.517715     1.403     1.507  5 55598.47693526 20.425
  96 301.812900 -32.518371     1.979     1.984  5 55608.39256885 43.308
  97 301.813406 -32.520941     3.196     2.612  5 55618.30819993 28.724
  98 301.813051 -32.520269     1.549     1.531  6 55628.22384655 48.072
  99 301.812505 -32.519490     0.894     0.877  5 55638.13949751 51.814
 100 301.812321 -32.517808     1.729     1.732  6 55648.05514659 29.738
 101 301.811325 -32.515692     2.263     2.284  5 55657.97079281 31.336
 102 301.810837 -32.513768     1.869     1.871  6 55667.88643513 31.916
 103 301.811129 -32.514102     2.322     2.326  5 55677.80207462 43.126
 104 301.812159 -32.517271     1.982     1.937  5 55687.71771183 30.164
 105 301.813436 -32.521425     3.160     3.471  6 55697.63334745 26.810
 106 301.814273 -32.526117     4.326     4.551  6 55707.54898193 31.604
 107 301.813850 -32.521894     2.633     2.149  6 55717.46463372 34.220
 108 301.812798 -32.518884     1.307     1.308  6 55727.38028228 41.478
 109 301.812266 -32.517620     4.286     4.038  5 55737.29592874 29.215
 110 301.812116 -32.517673     3.110     3.115  6 55747.21157365 52.785
 111 301.812121 -32.518278     2.767     2.821  6 55757.12721643 48.604
 112 301.812345 -32.518661     3.244     3.238  6 55767.04285672 47.855
 113 301.812742 -32.517919     5.342     5.410  6 55776.95849447 33.666
 114 301.812956 -32.518158     4.345     4.398  6 55786.87412957 29.784
 115 301.813190 -32.521853     3.838     4.121  6 55796.78976260 31.618
 116 301.813603 -32.523429     4.108     4.463  6 55806.70540455 30.042
 117 301.813541 -32.523290     3.593     3.921  6 55816.62105402 30.733
 118 301.814274 -32.520968     2.496     2.499  6 55826.53670074 54.228
 119 301.813280 -32.520731     2.187     2.183  5 55836.45234239 53.631
 120 301.812897 -32.519786     4.254     3.983  5 55846.36798079 28.779
 121 301.813946 -32.521533     2.362     2.360  6 55856.28361606 48.136
 122 301.814120 -32.523734     3.136     2.154  6 55866.19925810 31.567
 123 301.813637 -32.522706     2.144     2.138  6 55876.11491076 53.885
 133 301.811241 -32.512909     3.534     3.769  6 55975.27134836 25.192
 134 301.812271 -32.519040     1.497     1.601  6 55985.18698317 30.583
 135 301.814751 -32.524576     4.886     4.980  6 55995.10261636 28.924
 136 301.813642 -32.521695     0.808     0.810  6 56005.01826864 38.626
 137 301.811722 -32.517485     2.137     1.318  5 56014.93391734 30.894
 139 301.810479 -32.512180     1.674     0.778  5 56034.76520674 38.702
 141 301.813075 -32.520667     1.752     1.092  6 56054.59648486 27.215
 142 301.814736 -32.524154     0.785     0.610  6 56064.51211885 31.841
 143 301.814045 -32.522783     1.405     1.510  6 56074.42776266 34.808
 144 301.812753 -32.517887     2.517     2.680  6 56084.34341264 30.425
 145 301.812221 -32.516288     4.051     4.440  5 56094.25905949 27.473
 146 301.812209 -32.517978     1.553     1.527  6 56104.17470360 53.360
 147 301.812637 -32.519052     2.769     2.920  6 56114.09033343 30.920
 148 301.812813 -32.520609     3.132     3.320  6 56124.00597104 29.130
 149 301.813532 -32.520888     1.491     1.493  5 56133.92160520 33.880
 150 301.813173 -32.520392     4.049     4.278  5 56143.83724460 27.451
 151 301.811825 -32.518131     4.030     4.445  5 56153.75289552 24.977
 152 301.812103 -32.517126     6.602     6.768  5 56163.66854513 29.631
 153 301.812472 -32.518114     4.135     4.402  5 56173.58419227 31.069
 154 301.812966 -32.518914     1.071     1.147  5 56183.49983433 45.953
 155 301.812322 -32.519123     1.934     1.832  5 56193.41547249 36.070
 156 301.812117 -32.518707     4.192     4.341  6 56203.33110788 30.423
 157 301.813024 -32.521811     6.122     6.098  6 56213.24674086 35.084
 158 301.816402 -32.526033     7.563     6.154  3 56223.16237300 29.795
 159 301.815125 -32.526318     3.415     3.382  6 56233.07802900 53.744
 160 301.814688 -32.523448     3.791     4.042  6 56242.99368179 29.871
 161 301.813299 -32.519995     2.528     1.879  6 56252.90933031 26.963
 162 301.811986 -32.518393     1.847     0.990  5 56262.82497419 32.127
 164 301.812467 -32.518195     5.816     6.365  5 56282.65625947 28.300
 165 301.811620 -32.516464     3.759     3.845  6 56292.57191223 30.617
 166 301.811214 -32.512842     4.062     3.396  6 56302.48756083 34.422
 167 301.809968 -32.511030     3.994     3.363  6 56312.40320457 28.950
 168 301.810300 -32.509331     1.605     1.603  5 56322.31884598 55.083
 169 301.810516 -32.511977     1.199     1.233  6 56332.23448571 39.362
 170 301.811261 -32.516496     2.881     2.336  5 56342.15012463 26.298
 171 301.813332 -32.519765     1.972     1.959  6 56352.06576165 31.907
 172 301.813478 -32.521086     2.600     1.769  5 56361.98140174 28.167
 173 301.811360 -32.517433     3.520     3.041  5 56371.89705163 34.230
 174 301.810722 -32.512146     2.675     2.556  6 56381.81269943 30.528
 175 301.810712 -32.510964     2.518     2.450  5 56391.72834448 30.311
 176 301.811298 -32.514485     3.335     3.367  5 56401.64398691 55.403
 177 301.812507 -32.518525     1.643     1.567  5 56411.55962641 43.454
 178 301.813729 -32.522840     2.867     2.875  6 56421.47526076 34.716
 179 301.814798 -32.521692     3.922     3.964  6 56431.39090017 30.336
 180 301.811853 -32.517855     3.841     3.783  5 56441.30655289 29.747
 181 301.811168 -32.513931     2.764     2.885  6 56451.22220319 32.388
 182 301.810822 -32.513742     2.073     2.041  6 56461.13785052 36.440
 183 301.810888 -32.513684     2.213     2.208  5 56471.05349462 33.762
 184 301.811342 -32.513831     4.072     3.807  5 56480.96913521 26.143
 185 301.811294 -32.515531     1.884     1.871  5 56490.88477181 42.866
 187 301.814118 -32.522662     3.837     3.886  6 56510.71603880 28.304
 188 301.814947 -32.523642     4.014     4.189  6 56520.63168290 30.891
 189 301.813677 -32.521647     3.443     3.551  6 56530.54733669 29.501
 191 301.811617 -32.517379     3.803     3.605  5 56550.37863191 28.180
 192 301.811787 -32.514735     3.961     4.116  6 56560.29427502 29.341
 193 301.811601 -32.516570     2.729     2.200  6 56570.20991611 32.459
 194 301.812680 -32.520137     2.058     2.060  6 56580.12555575 53.188
 195 301.815090 -32.524335     4.433     4.558  6 56590.04119148 26.888
 196 301.815160 -32.523477     4.448     4.517  6 56599.95683803 30.348
 197 301.812849 -32.520035     4.508     4.504  5 56609.87248939 29.888
 198 301.812336 -32.516634     3.161     3.137  5 56619.78813632 30.259
 199 301.811878 -32.516593     3.504     3.914  5 56629.70377958 28.966
 200 301.812686 -32.518136     2.206     2.202  6 56639.61941926 43.664
 201 301.812564 -32.517621     1.086     1.107  5 56649.53506554 26.038
 202 301.811062 -32.513586     1.093     1.092  6 56659.45071783 26.135
 203 301.809665 -32.511532     2.958     2.566  5 56669.36636560 25.146
 205 301.811179 -32.512626     4.818     4.891  6 56689.19765363 31.148
 206 301.811700 -32.516568     2.293     2.234  5 56699.11329335 35.400
 207 301.812590 -32.519824     1.591     1.570  6 56709.02892862 47.626
 208 301.812633 -32.519533     2.762     2.983  6 56718.94456821 27.625
 209 301.811278 -32.514050     3.069     3.316  5 56728.86022183 30.214
 211 301.811031 -32.512404     4.611     4.639  6 56748.69151593 29.920
 212 301.811935 -32.516401     4.653     4.723  6 56758.60715540 29.715
 213 301.813550 -32.521281     3.443     3.446  6 56768.52278853 52.367
 214 301.812497 -32.519815     2.536     2.018  6 56778.43843591 30.084
 215 301.810923 -32.513804     3.595     3.536  6 56788.35409232 52.140
 216 301.809337 -32.509812     4.142     4.415  5 56798.26974468 32.412
 217 301.809198 -32.508813     6.368     5.572  5 56808.18539075 38.523
 219 301.810845 -32.513208     3.286     3.247  5 56828.01666679 56.130
 220 301.811856 -32.515932     4.687     4.881  6 56837.93229990 33.425
 221 301.813325 -32.519951     6.798     6.816  6 56847.84793025 36.411
 222 301.812257 -32.517635     5.216     5.195  6 56857.76358358 49.862
 223 301.811592 -32.517197     4.700     4.869  5 56867.67923719 30.254
 224 301.811229 -32.515886     3.093     3.083  6 56877.59488922 52.605
 225 301.810584 -32.513382     1.494     1.472  5 56887.51053825 47.905
 226 301.809531 -32.510720     2.370     2.332  5 56897.42618438 37.680
 227 301.809404 -32.508759     1.790     1.784  5 56907.34182753 54.993
 228 301.810501 -32.509417     3.894     3.825  5 56917.25746811 53.355
 229 301.811604 -32.514844     3.656     3.196  5 56927.17310578 40.261
 230 301.813306 -32.520760     4.740     4.736  6 56937.08873984 54.356
 231 301.815301 -32.526110     6.032     6.013  6 56947.00436945 38.594
 232 301.812934 -32.521537     3.186     2.729  6 56956.92002443 34.954
 233 301.811731 -32.516656     4.790     4.854  5 56966.83567434 31.620
 234 301.811364 -32.515695     4.358     4.466  6 56976.75131959 31.126
 235 301.812110 -32.517717     5.676     5.821  5 56986.66695992 27.377
 236 301.813545 -32.522072     4.521     4.687  6 56996.58259401 30.457
 237 301.813390 -32.520872     1.803     1.817  6 57006.49823971 32.387
 238 301.811529 -32.514941     2.724     2.696  5 57016.41389539 53.860
 239 301.810070 -32.511829     4.180     4.150  5 57026.32954645 55.245
 240 301.810409 -32.511297     6.156     6.125  5 57036.24519499 54.192
 241 301.811283 -32.513701     4.610     4.268  6 57046.16084032 34.444
 242 301.812015 -32.516867     3.078     2.365  5 57056.07648212 30.453
 243 301.812239 -32.518765     2.330     1.689  6 57065.99211897 30.851
 244 301.812706 -32.519953     1.695     1.631  5 57075.90775173 28.917
 245 301.814408 -32.522818     2.400     1.820  6 57085.82338140 27.831
 246 301.812879 -32.519957     1.889     1.912  6 57095.73903922 29.847
 247 301.811937 -32.518208     1.449     1.462  6 57105.65469611 31.197
 248 301.811982 -32.517364     1.692     0.961  6 57115.57034818 26.548
 249 301.811472 -32.516698     1.439     1.456  5 57125.48599375 29.070
 250 301.811494 -32.514784     1.493     1.398  6 57135.40163398 43.807
