#    0.000   0.000   0.000 ;Mean Elev.(m), Avg Gradient(m/km), RMS Gradient(m/km) - SRTM1     
#    0.000   0.000   0.000 ;Mean Elev.(m), Avg Gradient(m/km), RMS Gradient(m/km) - ASTER GDEM
#    0.764  -0.114   4.831 ;Mean Elev.(m), Avg Gradient(m/km), RMS Gradient(m/km) - GMTED2010 
   2 301.878641 -32.338116     2.350     1.903  5 54672.94134534 33.248
   3 301.876900 -32.338560     3.194     2.043  5 54682.85698840 25.313
   4 301.877641 -32.337963     8.572     8.773  5 54692.77263048 28.620
   5 301.880897 -32.336577     3.550     2.519  5 54702.68827039 28.343
   6 301.881537 -32.335341     3.732     2.839  5 54712.60391919 26.800
   7 301.881188 -32.337278    15.492    10.836  5 54722.51957074 16.432
   8 301.878503 -32.339498     3.341     3.129  5 54732.43521957 28.302
   9 301.874959 -32.340791     2.307     2.203  5 54742.35086643 51.555
  10 301.873649 -32.341375     2.755     1.585  5 54752.26651294 30.941
  11 301.873617 -32.339690     4.451     4.435  5 54762.18215875 45.773
  12 301.876041 -32.339336     6.187     6.199  4 54772.09780255 54.324
  13 301.878216 -32.339319     6.780     6.796  5 54782.01344346 49.103
  14 301.878158 -32.336935     3.625     3.498  5 54791.92908141 30.992
  17 301.880474 -32.336689     2.118     2.072  5 54821.67599912 24.383
  18 301.879192 -32.337908     2.400     1.208  5 54831.59165212 24.089
  19 301.876074 -32.338267     0.724     0.815  5 54841.50729134 26.178
  20 301.872982 -32.340735     1.339     1.352  5 54851.42294106 25.134
  21 301.869871 -32.341672     5.258     5.107  4 54861.33858990 29.365
  22 301.868554 -32.341948     1.331     1.325  4 54871.25423853 51.823
  23 301.870162 -32.341743     1.088     1.211  5 54881.16988561 31.701
  24 301.873215 -32.341100     2.280     2.248  5 54891.08552933 24.930
  25 301.874850 -32.341263     3.752     3.741  5 54901.00117010 27.466
  26 301.873341 -32.340536     0.961     0.965  4 54910.91680870 41.455
  27 301.872394 -32.341187     1.845     1.782  4 54920.83244663 52.009
  28 301.873171 -32.339872     4.328     5.149  5 54930.74808399 23.347
  29 301.878046 -32.339746     1.995     1.662  5 54940.66372074 28.527
  30 301.881354 -32.335383     2.704     1.414  5 54950.57935486 25.330
  31 301.882760 -32.334456     3.933     4.118  5 54960.49499497 22.937
  32 301.880824 -32.336555     1.426     1.265  5 54970.41064382 30.472
  33 301.878235 -32.337139     1.676     1.733  5 54980.32629085 37.947
  34 301.877186 -32.338664    51.649    51.289  5 54990.24193773 16.791
  35 301.876391 -32.338586     0.761     0.773  5 55000.15758408 29.587
  36 301.876498 -32.339524     2.780     1.561  5 55010.07322885 21.423
  37 301.876777 -32.340075     1.264     1.156  5 55019.98887197 33.032
  38 301.875770 -32.340047     2.064     2.036  5 55029.90451382 46.539
  39 301.875013 -32.340219     1.858     1.842  5 55039.82015528 46.459
  40 301.876389 -32.339743     3.354     3.152  5 55049.73579572 24.326
  41 301.879394 -32.338006     2.750     2.832  5 55059.65143407 28.582
  42 301.881804 -32.336631     3.801     3.126  5 55069.56707440 26.212
  43 301.880188 -32.336163     3.778     3.819  5 55079.48272391 43.879
  44 301.877852 -32.338547     3.651     3.854  5 55089.39837178 33.076
  45 301.874794 -32.340109     5.193     5.090  5 55099.31401800 34.990
  46 301.873541 -32.340839     4.153     4.231  5 55109.22966355 45.242
  47 301.874291 -32.339072     4.169     4.097  5 55119.14530742 35.619
  48 301.877024 -32.338321     3.583     3.671  5 55129.06094922 34.966
  49 301.878652 -32.337863     2.783     2.624  5 55138.97658902 29.841
  50 301.878471 -32.337564     3.989     3.943  5 55148.89222760 48.687
  51 301.878273 -32.337597     8.666     8.598  5 55158.80786616 33.939
  52 301.878827 -32.337209     9.138     9.297  5 55168.72350465 33.113
  53 301.880530 -32.336788     7.888     7.886  6 55178.63914244 49.770
  54 301.879862 -32.336681     8.825     8.923  5 55188.55478859 31.926
  55 301.877265 -32.338838     3.057     3.029  5 55198.47044015 33.057
  56 301.874611 -32.341092     9.165     9.234  5 55208.38609061 32.447
  57 301.872438 -32.341497     4.792     4.842  5 55218.30173999 49.194
  58 301.871377 -32.340807     4.891     4.848  4 55228.21738824 52.658
  59 301.872780 -32.341179     5.265     5.231  4 55238.13303385 54.029
  60 301.874686 -32.340919     4.556     4.541  5 55248.04867570 42.436
  61 301.874689 -32.339757     3.486     3.447  5 55257.96431486 50.336
  62 301.874340 -32.339746     4.976     5.863  5 55267.87995356 35.326
  63 301.874370 -32.340317     7.624     9.059  4 55277.79559219 27.839
  64 301.875875 -32.339301     2.177     2.082  5 55287.71122955 39.996
  65 301.879006 -32.336769     3.549     2.810  5 55297.62686444 25.154
  66 301.880870 -32.336421     4.353     4.374  6 55307.54250680 30.294
  67 301.880068 -32.337655     4.003     3.971  5 55317.45815362 46.732
  68 301.877396 -32.337204     3.601     3.440  5 55327.37379851 32.958
  69 301.877030 -32.339836     3.610     3.601  5 55337.28944307 50.973
  70 301.876782 -32.340236     6.230     4.575  5 55347.20508654 36.193
  71 301.876582 -32.338997     3.320     3.316  5 55357.12072808 36.232
  72 301.877330 -32.339528     8.923     9.012  5 55367.03636796 27.541
  73 301.877576 -32.338681     7.699     8.749  5 55376.95200613 27.715
  74 301.878965 -32.338982     7.312     8.411  5 55386.86764394 33.691
  75 301.879713 -32.336679     8.888     9.049  5 55396.78328050 31.780
  76 301.881159 -32.335716     5.234     5.245  5 55406.69892272 42.129
  77 301.879956 -32.335923     3.566     3.516  5 55416.61457388 32.442
  78 301.879056 -32.336877     7.773     8.698  5 55426.53022197 28.556
  79 301.878817 -32.339403     2.974     3.037  5 55436.44586761 52.862
  80 301.876491 -32.338537     2.297     2.242  5 55446.36151093 51.070
  81 301.875720 -32.339078     3.229     3.231  5 55456.27715391 51.276
  82 301.876199 -32.338780     3.287     2.918  5 55466.19279604 35.574
  83 301.878226 -32.337048     2.739     2.504  5 55476.10843490 26.768
  84 301.881369 -32.336315     3.479     2.865  6 55486.02407093 27.750
  85 301.882857 -32.334945     1.753     1.790  5 55495.93970469 35.327
  86 301.883136 -32.334689     2.369     2.420  5 55505.85533955 25.873
  87 301.880313 -32.336806     1.586     1.571  6 55515.77099064 30.721
  88 301.878248 -32.337081     1.064     0.982  5 55525.68664071 34.416
  89 301.877103 -32.337851     1.251     1.237  5 55535.60228902 24.813
  90 301.876756 -32.340265     6.665     7.178  5 55545.51793572 26.370
  91 301.874229 -32.339574     3.515     3.543  5 55555.43357964 49.429
  92 301.873124 -32.339920     8.726     8.896  5 55565.34922279 30.017
  93 301.874254 -32.339233     2.132     2.238  5 55575.26486508 37.844
  94 301.876826 -32.337965     8.705     8.780  5 55585.18050557 26.539
  95 301.880016 -32.336950     7.437     8.559  5 55595.09614277 25.353
  96 301.882103 -32.336127     6.354     5.754  5 55605.01177657 26.151
  97 301.883105 -32.335063     2.843     2.767  5 55614.92740834 42.516
  98 301.882305 -32.334552     5.207     5.161  6 55624.84304813 28.907
  99 301.880553 -32.336994     5.987     5.215  5 55634.75870124 25.522
 100 301.879467 -32.337254     3.572     2.182  5 55644.67435185 28.745
 101 301.879080 -32.337155     4.965     5.100  5 55654.58999968 25.500
 102 301.879596 -32.338421     4.315     3.487  5 55664.50564328 25.681
 103 301.878066 -32.337331     7.524     8.780  5 55674.42128301 27.030
 104 301.877771 -32.337916     3.948     3.862  5 55684.33692127 51.510
 105 301.878588 -32.337039     3.573     2.331  5 55694.25255784 34.570
 106 301.881509 -32.336464     5.468     5.473  6 55704.16819314 28.315
 107 301.881546 -32.336230     1.979     1.962  6 55714.08383851 51.067
 108 301.879150 -32.336937     4.659     4.927  5 55723.99948685 27.999
 109 301.876820 -32.338393     7.644     8.877  5 55733.91513355 30.717
 110 301.875596 -32.339574     7.316     8.333  4 55743.83077921 29.592
 111 301.876301 -32.340219     5.564     6.927  5 55753.74642373 31.038
 112 301.878456 -32.338481     7.763     8.724  5 55763.66206573 32.112
 113 301.880962 -32.337176     5.466     4.449  5 55773.57770512 33.703
 114 301.881852 -32.335873     3.956     4.052  5 55783.49334101 32.663
 115 301.881990 -32.334991     6.769     6.440  5 55793.40897424 32.210
 116 301.881982 -32.333405     3.269     3.341  5 55803.32460927 50.279
 117 301.881557 -32.335740     3.799     3.770  6 55813.24025907 53.234
 118 301.882011 -32.335623     3.589     3.532  6 55823.15590655 34.470
 119 301.882626 -32.333826     2.574     2.640  5 55833.07154893 51.228
 120 301.883913 -32.334198     6.367     8.300  5 55842.98718759 32.339
 121 301.883297 -32.333126     2.924     2.906  4 55852.90282302 32.867
 122 301.882906 -32.333205     3.352     3.319  5 55862.81845861 50.646
 123 301.880210 -32.337045     3.575     2.532  6 55872.73411375 26.217
 133 301.877784 -32.337092     1.730     1.724  5 55971.89055425 47.731
 134 301.879236 -32.338753     2.147     1.663  5 55981.80619118 28.998
 135 301.881305 -32.335739     4.724     4.668  6 55991.72182593 23.982
 136 301.882004 -32.335737     7.260     7.949  5 56001.63747329 24.560
 137 301.881109 -32.336493     6.664     6.543  6 56011.55312395 22.404
 138 301.879365 -32.337649     2.620     2.742  6 56021.46877077 23.520
 139 301.877456 -32.339759     1.436     1.459  5 56031.38441453 42.207
 141 301.876693 -32.339854     0.435     0.511  5 56051.21569430 33.560
 142 301.879325 -32.338240     1.618     1.604  5 56061.13133001 38.344
 143 301.882044 -32.336376     4.047     4.534  6 56071.04696720 36.460
 144 301.880257 -32.338140     5.065     5.655  5 56080.96261744 24.799
 145 301.877151 -32.338360     1.257     1.181  5 56090.87826479 43.810
 146 301.875590 -32.338844     3.118     1.732  5 56100.79391009 34.868
 147 301.876398 -32.339057     7.544     8.765  5 56110.70954161 25.994
 148 301.878790 -32.337011     6.251     6.809  5 56120.62518117 22.858
 149 301.882618 -32.335548     1.613     1.734  5 56130.54081739 30.130
 150 301.884442 -32.333839     1.896     1.896  5 56140.45645088 51.115
 151 301.880962 -32.336580     1.998     1.955  6 56150.37210185 50.418
 152 301.878257 -32.337931     9.124     9.216  5 56160.28775055 33.489
 153 301.877846 -32.338081     1.878     1.767  5 56170.20339756 51.642
 154 301.879150 -32.336674     7.511     8.653  5 56180.11904059 29.336
 155 301.881517 -32.336898     7.921     8.821  5 56190.03467997 33.805
 156 301.881698 -32.335455     2.267     2.391  6 56199.95031598 52.504
 157 301.882369 -32.335669     7.752     7.755  5 56209.86595018 34.125
 158 301.883055 -32.334418     4.806     4.770  5 56219.78158254 33.503
 159 301.881652 -32.336192     3.484     3.485  6 56229.69723199 43.813
 160 301.879637 -32.336553     3.898     3.845  5 56239.61288584 32.697
 161 301.878577 -32.337707     3.106     2.864  5 56249.52853611 27.048
 162 301.878206 -32.338169     2.773     2.611  5 56259.44418142 32.064
 163 301.877166 -32.337401     2.735     2.716  5 56269.35982350 48.810
 164 301.878364 -32.339267     9.213     9.480  5 56279.27546439 30.112
 165 301.876746 -32.339600     4.341     4.265  5 56289.19111476 42.515
 166 301.876612 -32.339036     3.933     3.799  5 56299.10676309 36.715
 167 301.877126 -32.338214     5.077     5.077  5 56309.02240741 52.691
 168 301.877661 -32.338638     2.449     2.417  5 56318.93804971 40.894
 169 301.876260 -32.337940     1.928     1.330  5 56328.85369079 25.260
 170 301.876385 -32.337937     1.695     1.612  5 56338.76933142 30.518
 171 301.879501 -32.339011     9.066     9.123  5 56348.68497062 26.211
 172 301.881872 -32.335828     1.841     1.873  5 56358.60060599 40.586
 173 301.880262 -32.337705     3.608     3.600  5 56368.51625731 31.296
 175 301.874898 -32.340468     3.004     3.051  5 56388.34755112 51.780
 176 301.874312 -32.340940     4.100     4.004  5 56398.26319433 47.620
 177 301.875186 -32.339959     3.443     3.369  5 56408.17883471 52.870
 178 301.878384 -32.339547     3.465     3.359  5 56418.09447121 49.851
 179 301.880914 -32.335420     5.213     4.691  5 56428.01010219 26.857
 180 301.878058 -32.337591     2.695     2.599  5 56437.92575574 50.949
 181 301.876340 -32.340672     2.452     2.759  5 56447.84140721 30.907
 182 301.875107 -32.341160     4.782     4.366  5 56457.75705620 27.032
 183 301.874730 -32.340091     3.022     3.373  5 56467.67270187 27.596
 184 301.875498 -32.338338     6.189     5.780  5 56477.58834344 25.387
 185 301.878485 -32.338845     7.843     8.760  5 56487.50398194 30.648
 187 301.881961 -32.336394     2.481     2.548  6 56507.33525096 35.402
 188 301.883392 -32.334416     3.671     2.841  5 56517.25088675 26.021
 189 301.881532 -32.335457     3.032     3.115  6 56527.16654055 31.702
 190 301.881437 -32.337342     2.855     2.810  5 56537.08219045 43.045
 192 301.877400 -32.337151     3.540     3.698  5 56556.91347894 30.738
 193 301.877364 -32.339617     3.354     3.201  5 56566.82912196 29.486
 194 301.877518 -32.339371     7.536     8.709  5 56576.74476341 24.381
 195 301.879213 -32.337098     3.098     2.955  5 56586.66040145 22.326
 196 301.881186 -32.335956     3.412     3.345  5 56596.57604135 32.202
 197 301.879164 -32.338342     9.217     9.318  5 56606.49169426 31.297
 198 301.876386 -32.337855     4.776     4.747  5 56616.40734152 35.983
 199 301.876851 -32.339543     4.029     3.994  5 56626.32298585 31.885
 200 301.877574 -32.338240     3.284     3.283  5 56636.23862663 27.375
 201 301.879785 -32.336778     2.197     2.228  5 56646.15426660 27.020
 202 301.878188 -32.337299     1.949     2.004  5 56656.06991888 47.033
 203 301.877363 -32.338348     2.044     2.101  5 56665.98556702 39.112
 205 301.875234 -32.338524     6.081     5.350  5 56685.81685724 23.118
 206 301.876915 -32.339992     5.560     5.941  5 56695.73250060 28.080
 207 301.878912 -32.337592     4.458     4.056  5 56705.64813874 23.373
 208 301.881895 -32.335405     6.738     6.558  6 56715.56377151 28.353
 209 301.877645 -32.337220    14.299     8.634  5 56725.47942540 15.235
 211 301.871661 -32.340738     3.412     3.378  4 56745.31072179 50.680
 212 301.873065 -32.340393     9.150     9.104  5 56755.22636360 23.162
 213 301.877334 -32.338984     4.163     4.119  5 56765.14199967 33.097
 214 301.880015 -32.337861     2.287     2.194  5 56775.05763728 38.260
 215 301.875295 -32.338481     3.969     3.862  5 56784.97329325 53.528
 216 301.872042 -32.341571     8.905     9.118  4 56794.88894640 28.223
 217 301.869949 -32.342456     3.220     3.256  5 56804.80459559 53.197
 219 301.875118 -32.340259     7.161     7.595  5 56824.63587698 32.026
 220 301.878176 -32.338306     8.884     8.869  5 56834.55151196 22.862
 221 301.880784 -32.336527     8.284     8.458  5 56844.46714348 41.676
 222 301.880133 -32.337650     8.428     8.565  5 56854.38278778 34.740
 223 301.877037 -32.338230     4.329     4.250  5 56864.29844088 49.609
 224 301.875561 -32.338672     4.250     4.196  5 56874.21409330 53.310
 225 301.875916 -32.340301     3.692     3.558  5 56884.12974292 29.014
 226 301.875253 -32.339690     3.230     3.261  4 56894.04538880 25.805
 227 301.874042 -32.340374     5.270     4.686  5 56903.96103169 25.590
 228 301.872390 -32.341613     6.487     6.322  4 56913.87667294 32.172
 229 301.872361 -32.341423     3.776     3.759  5 56923.79231261 29.667
 230 301.874400 -32.338903     4.820     4.861  5 56933.70794973 35.457
 231 301.880141 -32.337697     7.246     7.294  5 56943.62358231 35.763
 232 301.880017 -32.335876     3.673     3.633  5 56953.53922916 33.697
 233 301.877695 -32.337573     4.218     4.111  5 56963.45488009 32.837
 234 301.875681 -32.339540     5.293     4.670  4 56973.37052608 29.992
 235 301.875637 -32.339873     8.980     8.969  5 56983.28616749 29.969
 236 301.878328 -32.337416     8.717     8.789  5 56993.20180364 29.337
 237 301.882545 -32.334690     2.945     2.984  6 57003.11743971 47.462
 238 301.881036 -32.336752     7.046     6.929  6 57013.03309657 28.889
 239 301.878338 -32.337637     4.180     4.229  5 57022.94874780 31.910
 240 301.876077 -32.339656     7.058     7.018  5 57032.86439694 49.069
 241 301.875226 -32.340652     6.123     5.536  5 57042.78004396 35.525
 242 301.875227 -32.339012     3.900     3.856  5 57052.69568839 34.681
 243 301.877297 -32.337240     3.031     3.044  5 57062.61132859 26.608
 244 301.880232 -32.337158     3.568     2.421  5 57072.52696394 23.719
 245 301.881745 -32.336092     3.612     2.573  5 57082.44259491 28.066
 246 301.879420 -32.338671     2.635     2.533  5 57092.35824185 29.604
 247 301.874196 -32.339853     2.652     2.929  5 57102.27389874 24.164
 248 301.873225 -32.340916     1.307     1.271  4 57112.18955218 48.560
 249 301.874929 -32.340253     2.060     1.985  5 57122.10519953 51.998
 250 301.876382 -32.339184     1.629     1.640  5 57132.02084112 52.060
