#    0.000   0.000   0.000 ;Mean Elev.(m), Avg Gradient(m/km), RMS Gradient(m/km) - SRTM1     
#    0.000   0.000   0.000 ;Mean Elev.(m), Avg Gradient(m/km), RMS Gradient(m/km) - ASTER GDEM
#   53.783   0.694   3.564 ;Mean Elev.(m), Avg Gradient(m/km), RMS Gradient(m/km) - GMTED2010 
   1 303.802004 -28.770202    49.064    48.906  4 54666.40741516 40.811
   2 303.800902 -28.771407    61.783    63.885  4 54676.32305892 31.362
   3 303.802706 -28.770391    81.906    71.789  5 54686.23870189 22.064
   4 303.806045 -28.769758    58.095    59.192  5 54696.15434332 35.083
   5 303.809349 -28.768241    67.543    60.870  6 54706.06998313 19.867
   6 303.805094 -28.769147    48.853    48.644  5 54715.98563469 50.261
   7 303.799235 -28.772093    54.113    54.277  4 54725.90128346 26.818
   8 303.794691 -28.772712    49.062    48.896  4 54735.81693131 48.557
   9 303.792160 -28.773404    53.935    54.009  4 54745.73257874 31.965
  10 303.792092 -28.773094    54.939    54.799  4 54755.64822618 35.127
  11 303.792844 -28.773180    53.195    53.276  3 54765.56387218 49.886
  12 303.793132 -28.773165    57.067    57.073  4 54775.47951513 51.229
  13 303.792748 -28.773401    52.350    52.314  4 54785.39515533 48.811
  14 303.794188 -28.772330    49.404    49.375  3 54795.31079425 53.279
  17 303.803358 -28.770522    48.835    48.747  5 54825.05771651 50.159
  18 303.798779 -28.772012    50.037    48.816  4 54834.97335563 39.212
  19 303.794462 -28.772654    62.780    65.071  4 54844.88900523 30.507
  20 303.791714 -28.773940    65.454    65.475  3 54854.80465427 30.224
  21 303.791982 -28.772992    56.666    55.562  3 54864.72030394 28.089
  22 303.791697 -28.773540    57.785    55.293  4 54874.63595289 28.790
  23 303.791547 -28.773633    53.023    51.755  4 54884.55159915 33.614
  24 303.789999 -28.773579    53.979    53.372  3 54894.46724166 31.847
  25 303.787223 -28.775151    47.855    47.574  3 54904.38288081 44.772
  26 303.787740 -28.774152    47.735    47.648  3 54914.29851924 41.987
  27 303.789808 -28.774154    47.646    47.619  3 54924.21415693 38.101
  28 303.794124 -28.773290    47.662    47.636  3 54934.12979424 47.879
  29 303.799377 -28.771777    47.938    48.010  3 54944.04542984 41.571
  30 303.803606 -28.770510    49.885    48.420  5 54953.96106323 48.973
  31 303.800970 -28.771105    47.124    47.012  4 54963.87670773 48.362
  32 303.797537 -28.772323    47.854    47.854  4 54973.79235550 35.518
  33 303.797133 -28.772461    64.933    65.804  3 54983.70800322 23.037
  34 303.799240 -28.770943    47.899    47.946  4 54993.62365125 47.694
  35 303.799148 -28.771451    48.340    48.417  4 55003.53929754 38.454
  36 303.797364 -28.772232    48.829    48.737  4 55013.45494138 50.562
  37 303.795575 -28.772944    64.446    63.580  3 55023.37058368 27.157
  38 303.795802 -28.772602    51.987    51.817  3 55033.28622549 41.135
  39 303.798787 -28.770992    49.970    49.933  4 55043.20186708 42.271
  40 303.803052 -28.770326    59.337    59.192  4 55053.11750705 35.192
  41 303.806116 -28.768958    55.556    53.097  5 55063.03314496 35.399
  42 303.802729 -28.770238    50.105    49.875  4 55072.94878891 49.453
  43 303.796509 -28.772685    53.788    53.474  4 55082.86443619 27.136
  44 303.793037 -28.772995    59.718    61.734  3 55092.78008294 32.913
  45 303.791660 -28.774001    54.299    54.306  3 55102.69572960 32.382
  46 303.792495 -28.773517    52.971    52.916  3 55112.61137646 39.607
  47 303.793834 -28.772881    53.480    53.896  3 55122.52702102 34.328
  48 303.793957 -28.773322    52.122    52.091  3 55132.44266226 39.200
  49 303.793371 -28.773451    60.115    60.331  4 55142.35830126 30.797
  50 303.793709 -28.773383    54.202    54.173  4 55152.27393955 50.595
  51 303.797096 -28.771892    56.576    56.606  4 55162.18957860 51.047
  52 303.802318 -28.769687    54.591    54.587  4 55172.10521765 42.731
  53 303.806333 -28.769522    51.271    51.169  6 55182.02085466 46.022
  54 303.802288 -28.770882    61.027    63.452  4 55191.93650461 29.395
  55 303.797402 -28.771664    48.980    48.945  4 55201.85215455 43.673
  56 303.793962 -28.772755    51.639    51.523  4 55211.76780413 48.115
  57 303.793127 -28.773204    52.959    52.941  4 55221.68345360 50.565
  58 303.792401 -28.773675    54.836    54.550  4 55231.59910184 31.882
  59 303.792227 -28.773593    54.662    54.254  3 55241.51474686 34.338
  60 303.790490 -28.773557    51.501    50.501  3 55251.43038799 39.284
  61 303.788439 -28.773998    49.016    49.053  4 55261.34602641 46.495
  62 303.788665 -28.774920    49.128    48.877  3 55271.26166374 45.933
  63 303.792243 -28.773636    50.115    49.961  3 55281.17730168 51.859
  64 303.797143 -28.771933    48.915    48.808  3 55291.09293866 42.118
  65 303.801841 -28.770651    54.196    54.172  4 55301.00857327 27.701
  66 303.799683 -28.771252    51.198    51.128  4 55310.92421946 48.562
  67 303.796885 -28.772050    55.235    55.222  3 55320.83986445 30.388
  68 303.794776 -28.773172    54.592    54.190  3 55330.75550852 29.495
  69 303.795340 -28.772526    54.525    54.536  4 55340.67115309 41.982
  70 303.797081 -28.772404    56.860    54.999  3 55350.58679740 27.431
  71 303.799451 -28.771156    49.525    49.554  3 55360.50243976 44.969
  72 303.799644 -28.771698    51.342    51.231  4 55370.41807917 39.211
  73 303.800335 -28.771444    49.571    49.437  4 55380.33371713 50.801
  74 303.802084 -28.771055    62.085    63.290  4 55390.24935437 31.633
  75 303.805972 -28.769560    53.446    53.426  6 55400.16499096 50.543
  76 303.805492 -28.770400    51.880    52.313  5 55410.08063799 41.226
  77 303.802604 -28.770288    50.067    49.972  4 55419.99628764 49.207
  78 303.797720 -28.772500    49.717    49.519  4 55429.91193370 47.730
  79 303.794677 -28.772300    48.241    48.247  3 55439.82757820 44.581
  80 303.793611 -28.772517    53.847    53.913  3 55449.74322163 30.793
  81 303.794387 -28.773030    54.109    54.148  3 55459.65886477 27.932
  82 303.796405 -28.772126    52.948    53.655  4 55469.57450741 32.569
  83 303.798403 -28.771140    53.069    53.662  4 55479.49014686 30.061
  84 303.799764 -28.771270    50.857    50.861  4 55489.40578310 47.990
  85 303.801656 -28.771288    53.794    53.760  4 55499.32141698 25.372
  86 303.802550 -28.770439    49.098    49.125  5 55509.23705734 50.907
  87 303.799912 -28.772127    48.044    48.044  2 55519.15270672 50.887
  88 303.799782 -28.771067    48.109    48.091  4 55529.06835596 48.103
  89 303.798662 -28.771838    51.336    51.273  4 55538.98400311 40.670
  90 303.797769 -28.771569    53.517    53.435  4 55548.89964849 49.844
  91 303.795632 -28.772830    54.996    56.329  4 55558.81529192 37.745
  92 303.795637 -28.772416    49.560    49.577  4 55568.73093514 49.347
  93 303.796678 -28.772427    49.360    49.241  4 55578.64657745 50.456
  94 303.798204 -28.771787    54.167    50.755  4 55588.56221752 33.522
  95 303.799563 -28.771822    50.689    50.651  4 55598.47785417 46.577
  96 303.801404 -28.770142    52.734    52.565  4 55608.39348835 50.825
  97 303.803206 -28.770269    51.752    51.805  4 55618.30912001 32.257
  98 303.802053 -28.770664    49.682    49.490  4 55628.22476634 49.263
  99 303.800831 -28.770967    49.715    49.403  4 55638.14041700 49.641
 100 303.799489 -28.771632    49.236    49.157  3 55648.05606550 41.934
 101 303.797405 -28.771904    52.254    52.251  4 55657.97171112 52.665
 102 303.795723 -28.772350    49.905    49.791  3 55667.88735286 40.928
 103 303.795933 -28.772632    53.282    53.245  4 55677.80299235 48.655
 104 303.799084 -28.771435    49.645    49.590  4 55687.71863061 49.838
 105 303.803053 -28.770332    52.980    52.846  5 55697.63426753 32.934
 106 303.807097 -28.769140    57.683    54.424  6 55707.54990349 30.427
 107 303.804037 -28.769853    49.343    49.203  4 55717.46555410 48.877
 108 303.800354 -28.771761    54.278    54.390  4 55727.38120148 27.354
 109 303.799035 -28.771723    54.992    55.018  4 55737.29684765 31.740
 110 303.798772 -28.771766    54.196    54.171  3 55747.21249256 49.048
 111 303.799436 -28.771167    50.597    50.532  4 55757.12813563 48.491
 112 303.799857 -28.771616    56.917    56.900  4 55767.04377592 51.012
 113 303.800470 -28.770938    55.222    55.235  4 55776.95941367 30.892
 114 303.800827 -28.771228    54.770    54.795  4 55786.87504877 34.295
 115 303.803568 -28.770111    52.391    52.397  4 55796.79068298 44.642
 116 303.804445 -28.770481    55.120    55.123  5 55806.70632523 48.814
 117 303.804218 -28.770377    55.016    55.063  5 55816.62197469 50.663
 118 303.803663 -28.770585    50.756    50.816  5 55826.53762083 45.329
 119 303.802779 -28.770514    50.401    50.343  4 55836.45326248 49.930
 120 303.802421 -28.769671    50.011    49.948  4 55846.36890087 42.047
 121 303.804045 -28.770183    50.109    49.999  4 55856.28453645 52.836
 122 303.805347 -28.769851    51.420    51.394  6 55866.20017908 50.904
 123 303.804087 -28.769847    49.298    49.381  5 55876.11583144 49.280
 133 303.795182 -28.773007    65.352    65.785  4 55975.27226579 22.434
 134 303.800021 -28.771773    48.207    48.099  4 55985.18790237 37.616
 135 303.806378 -28.769970    48.011    47.913  6 55995.10353733 41.639
 136 303.803452 -28.770624    48.269    48.310  5 56005.01918872 48.141
 137 303.799137 -28.771195    49.978    48.602  4 56014.93483625 49.704
 139 303.793955 -28.773010    50.361    48.480  4 56034.76612388 50.048
 141 303.801985 -28.770679    54.317    54.655  4 56054.59740465 22.423
 142 303.806194 -28.769465    51.959    51.672  6 56064.51303982 25.812
 143 303.804858 -28.769451    48.316    46.774  5 56074.42868333 30.582
 144 303.800281 -28.770658    53.645    47.748  4 56084.34433184 48.486
 145 303.798408 -28.771508    48.881    48.941  3 56094.25997810 49.627
 146 303.799643 -28.770791    48.735    48.678  4 56104.17562280 46.837
 147 303.800172 -28.771880    51.858    47.674  4 56114.09125263 36.608
 148 303.801759 -28.771070    48.707    48.636  4 56124.00689084 40.385
 149 303.803275 -28.770193    48.298    47.989  4 56133.92252529 48.639
 150 303.802955 -28.769741    53.172    52.766  4 56143.83816469 25.095
 151 303.799582 -28.771117    54.280    54.370  3 56153.75381472 22.055
 152 303.799015 -28.771338    52.038    48.026  4 56163.66946404 28.695
 153 303.799895 -28.771191    54.533    54.661  3 56173.58511147 19.721
 154 303.801013 -28.770911    54.210    54.159  4 56183.50075383 25.473
 155 303.800441 -28.771277    49.685    49.566  4 56193.41639198 39.603
 156 303.800244 -28.770944    54.711    54.872  3 56203.33202738 36.584
 157 303.803038 -28.770413    51.105    51.088  4 56213.24766124 45.896
 158 303.809493 -28.768515    58.376    59.006  6 56223.16329486 34.263
 159 303.807529 -28.769858    54.019    54.001  6 56233.07895057 49.232
 160 303.805172 -28.770484    53.603    53.455  5 56242.99460246 30.623
 161 303.801932 -28.770550    48.293    48.361  4 56252.91025010 49.021
 162 303.799431 -28.771299    54.138    53.932  3 56262.82589339 25.939
 164 303.799930 -28.771060    51.614    51.538  3 56282.65717867 52.257
 165 303.797816 -28.771767    52.709    52.292  4 56292.57283084 34.252
 166 303.794907 -28.773016    53.282    53.317  4 56302.48847826 43.667
 167 303.792455 -28.773671    49.734    49.669  4 56312.40412141 44.353
 168 303.792123 -28.773135    48.557    48.411  4 56322.31976252 49.562
 169 303.793642 -28.773275    48.392    48.229  3 56332.23540285 39.337
 170 303.797635 -28.771658    49.170    48.994  3 56342.15104324 48.913
 171 303.802353 -28.770007    48.797    48.720  4 56352.06668144 46.417
 172 303.803296 -28.770063    50.374    50.374  4 56361.98232183 49.058
 173 303.798672 -28.771131    52.624    52.718  4 56371.89797053 35.464
 174 303.794104 -28.772985    50.052    50.046  3 56381.81361657 44.586
 175 303.793288 -28.772954    51.909    51.757  3 56391.72926132 48.383
 176 303.795723 -28.772895    51.054    51.034  4 56401.64490463 44.957
 177 303.800072 -28.771000    50.311    48.843  3 56411.56054562 36.863
 178 303.804523 -28.769420    53.972    54.260  5 56421.47618143 28.678
 179 303.804287 -28.770800    50.468    49.435  5 56431.39182025 49.128
 180 303.798688 -28.771824    48.991    48.940  4 56441.30747179 50.361
 181 303.795357 -28.772727    49.771    49.797  3 56451.22312092 52.432
 182 303.795061 -28.772553    49.220    49.082  3 56461.13876825 47.908
 183 303.795253 -28.772532    51.604    51.595  4 56471.05441235 49.809
 184 303.795831 -28.772709    57.375    54.506  4 56480.97005294 33.464
 185 303.797122 -28.772014    49.942    49.825  4 56490.88569013 48.489
 187 303.804968 -28.769603    53.888    53.542  5 56510.71695948 29.201
 188 303.806351 -28.769492    52.690    52.692  6 56520.63260387 49.988
 189 303.803734 -28.770015    53.788    53.492  4 56530.54825707 29.691
 191 303.798357 -28.771980    54.307    54.359  4 56550.37955081 25.541
 192 303.797062 -28.771721    54.105    54.159  3 56560.29519334 33.599
 193 303.797447 -28.772289    52.347    52.413  4 56570.21083472 30.206
 194 303.801066 -28.770946    49.894    49.931  4 56580.12647554 48.426
 195 303.806797 -28.769061    57.238    59.368  5 56590.04211275 34.930
 196 303.806346 -28.769358    58.955    59.487  6 56599.95775900 33.120
 197 303.800936 -28.771854    48.946    48.880  4 56609.87340889 37.244
 198 303.798421 -28.771964    50.347    50.372  3 56619.78905493 46.953
 199 303.797930 -28.771872    49.842    49.738  3 56629.70469819 50.044
 200 303.800078 -28.771048    50.360    50.332  4 56639.62033846 48.130
 201 303.799479 -28.771838    53.981    51.239  4 56649.53598445 34.361
 202 303.795500 -28.772692    48.567    48.494  3 56659.45163555 36.929
 203 303.792810 -28.773033    50.255    50.259  4 56669.36728274 47.207
 205 303.794777 -28.772628    63.964    64.404  4 56689.19857106 26.974
 206 303.797988 -28.771650    49.497    49.806  3 56699.11421196 38.380
 207 303.801669 -28.770035    47.862    47.738  4 56709.02984842 48.016
 208 303.801865 -28.769676    48.894    48.924  4 56718.94548800 42.363
 209 303.795992 -28.772486    48.715    48.769  4 56728.86113955 35.869
 211 303.794084 -28.773065    49.855    49.777  3 56748.69243307 36.508
 212 303.797538 -28.772307    53.368    49.274  3 56758.60807372 32.758
 213 303.803092 -28.770103    50.591    49.923  5 56768.52370862 37.986
 214 303.801424 -28.769994    58.872    58.445  4 56778.43935570 28.785
 215 303.795281 -28.772478    50.459    50.519  3 56788.35501004 53.822
 216 303.790991 -28.773289    55.425    54.202  4 56798.27066123 28.465
 217 303.790116 -28.773462    54.880    54.979  3 56808.18630700 35.926
 219 303.794655 -28.773117    51.739    51.707  3 56828.01758422 51.859
 220 303.798437 -28.771093    58.370    58.343  4 56837.93321851 31.808
 221 303.802553 -28.770340    55.824    55.870  4 56847.84885004 41.131
 222 303.799796 -28.770769    52.085    51.031  4 56857.76450270 39.302
 223 303.798437 -28.771197    54.306    54.237  4 56867.68015609 30.499
 224 303.796687 -28.772386    54.018    53.665  3 56877.59580754 27.337
 225 303.794733 -28.772432    49.772    49.851  4 56887.51145598 46.642
 226 303.791788 -28.773543    48.616    48.665  3 56897.42710122 46.796
 227 303.790274 -28.774058    52.543    52.578  3 56907.34274378 49.599
 228 303.791815 -28.773455    50.773    50.716  4 56917.25838465 50.641
 229 303.796036 -28.772782    50.369    50.228  3 56927.17402380 39.532
 230 303.801653 -28.771411    57.646    57.689  4 56937.08965963 54.199
 231 303.807722 -28.769553    53.368    53.164  6 56947.00529102 31.548
 232 303.802933 -28.769763    51.004    51.025  4 56956.92094482 51.801
 233 303.797962 -28.772055    51.038    50.871  3 56966.83659295 35.979
 234 303.797158 -28.771687    50.364    50.358  4 56976.75223804 47.758
 235 303.798838 -28.771802    51.556    51.626  4 56986.66787883 31.776
 236 303.803535 -28.770196    54.109    53.969  4 56996.58351439 26.626
 237 303.802864 -28.770309    56.692    56.110  5 57006.49915980 26.394
 238 303.797237 -28.771675    50.026    49.758  4 57016.41481370 49.973
 239 303.793234 -28.773354    56.291    56.304  4 57026.33046358 52.605
 240 303.793421 -28.772660    55.222    55.168  4 57036.24611212 32.215
 241 303.795513 -28.772486    52.583    52.491  3 57046.16175804 49.180
 242 303.798248 -28.771907    50.918    51.011  3 57056.07740073 51.248
 243 303.799973 -28.771338    49.936    49.846  4 57065.99303817 47.471
 244 303.801266 -28.771256    55.244    55.283  4 57075.90867123 26.509
 245 303.805568 -28.769230    50.454    50.511  5 57085.82430208 42.584
 246 303.801887 -28.769886    49.527    49.415  4 57095.73995901 48.931
 247 303.798842 -28.771700    48.568    48.662  3 57105.65561501 47.639
 248 303.798151 -28.772108    50.815    50.441  4 57115.57126679 33.809
 249 303.797688 -28.771568    54.621    53.089  3 57125.48691236 28.939
 250 303.796508 -28.772212    50.167    50.149  4 57135.40255200 45.417
